date,shelter,capacity_actual_bed,capacity_funding_bed,occupied_bed,unoccupied_beds,unavailable_beds,capacity_actual_room,capacity_funding_room,occupied_rooms,unoccupied_rooms,unavailable_rooms,occupancy_rate_bed,occupancy_rate_rooms,service_user_count
2023-01-01,Shelter 1,129,147,25,104,18,131,141,17,114,10,0.1937984496124031,0.1297709923664122,42
2023-01-02,Shelter 1,139,142,29,110,3,127,146,24,103,19,0.20863309352517986,0.1889763779527559,53
2023-01-03,Shelter 1,109,147,26,83,38,113,150,15,98,37,0.23853211009174313,0.13274336283185842,41
2023-01-04,Shelter 1,110,141,34,76,31,114,149,18,96,35,0.3090909090909091,0.15789473684210525,52
2023-01-05,Shelter 1,137,146,27,110,9,102,143,10,92,41,0.19708029197080293,0.09803921568627451,37
2023-01-06,Shelter 1,116,150,26,90,34,113,145,16,97,32,0.22413793103448276,0.1415929203539823,42
2023-01-07,Shelter 1,135,142,30,105,7,129,144,15,114,15,0.2222222222222222,0.11627906976744186,45
2023-01-08,Shelter 1,109,144,19,90,35,139,145,21,118,6,0.1743119266055046,0.1510791366906475,40
2023-01-09,Shelter 1,126,144,25,101,18,100,141,19,81,41,0.1984126984126984,0.19,44
2023-01-10,Shelter 1,131,149,22,109,18,117,141,19,98,24,0.16793893129770993,0.1623931623931624,41
2023-01-11,Shelter 1,134,147,40,94,13,120,141,25,95,21,0.29850746268656714,0.20833333333333334,65
2023-01-12,Shelter 1,123,149,20,103,26,129,146,14,115,17,0.16260162601626016,0.10852713178294573,34
2023-01-13,Shelter 1,123,143,39,84,20,110,140,29,81,30,0.3170731707317073,0.2636363636363636,68
2023-01-14,Shelter 1,113,146,45,68,33,112,149,18,94,37,0.39823008849557523,0.16071428571428573,63
2023-01-15,Shelter 1,140,143,31,109,3,124,143,19,105,19,0.22142857142857142,0.1532258064516129,50
2023-01-16,Shelter 1,125,142,29,96,17,102,144,22,80,42,0.232,0.21568627450980393,51
2023-01-17,Shelter 1,128,140,30,98,12,108,140,18,90,32,0.234375,0.16666666666666666,48
2023-01-18,Shelter 1,108,147,26,82,39,106,145,22,84,39,0.24074074074074073,0.20754716981132076,48
2023-01-19,Shelter 1,125,148,31,94,23,131,147,29,102,16,0.248,0.22137404580152673,60
2023-01-20,Shelter 1,123,143,28,95,20,110,146,24,86,36,0.22764227642276422,0.21818181818181817,52
2023-01-21,Shelter 1,105,141,42,63,36,118,147,26,92,29,0.4,0.22033898305084745,68
2023-01-22,Shelter 1,114,140,38,76,26,121,145,15,106,24,0.3333333333333333,0.12396694214876033,53
2023-01-23,Shelter 1,121,140,33,88,19,115,143,20,95,28,0.2727272727272727,0.17391304347826086,53
2023-01-24,Shelter 1,112,141,37,75,29,114,147,31,83,33,0.33035714285714285,0.2719298245614035,68
2023-01-25,Shelter 1,126,140,24,102,14,100,142,20,80,42,0.19047619047619047,0.2,44
2023-01-26,Shelter 1,129,149,41,88,20,127,142,24,103,15,0.3178294573643411,0.1889763779527559,65
2023-01-27,Shelter 1,117,144,31,86,27,124,149,25,99,25,0.26495726495726496,0.20161290322580644,56
2023-01-28,Shelter 1,115,148,43,72,33,138,140,11,127,2,0.3739130434782609,0.07971014492753623,54
2023-01-29,Shelter 1,129,143,30,99,14,130,145,14,116,15,0.23255813953488372,0.1076923076923077,44
2023-01-30,Shelter 1,116,146,34,82,30,118,142,26,92,24,0.29310344827586204,0.22033898305084745,60
2023-01-31,Shelter 1,120,145,18,102,25,126,146,17,109,20,0.15,0.1349206349206349,35
2023-02-01,Shelter 1,140,150,31,109,10,125,141,21,104,16,0.22142857142857142,0.168,52
2023-02-02,Shelter 1,103,141,27,76,38,110,141,12,98,31,0.2621359223300971,0.10909090909090909,39
2023-02-03,Shelter 1,121,149,33,88,28,111,141,20,91,30,0.2727272727272727,0.18018018018018017,53
2023-02-04,Shelter 1,133,148,25,108,15,127,140,9,118,13,0.18796992481203006,0.07086614173228346,34
2023-02-05,Shelter 1,124,143,34,90,19,109,146,23,86,37,0.27419354838709675,0.21100917431192662,57
2023-02-06,Shelter 1,118,148,30,88,30,136,145,17,119,9,0.2542372881355932,0.125,47
2023-02-07,Shelter 1,117,143,27,90,26,126,149,16,110,23,0.23076923076923078,0.12698412698412698,43
2023-02-08,Shelter 1,125,150,34,91,25,108,148,22,86,40,0.272,0.2037037037037037,56
2023-02-09,Shelter 1,118,145,26,92,27,124,147,16,108,23,0.22033898305084745,0.12903225806451613,42
2023-02-10,Shelter 1,122,142,33,89,20,114,148,19,95,34,0.27049180327868855,0.16666666666666666,52
2023-02-11,Shelter 1,132,147,35,97,15,122,145,15,107,23,0.26515151515151514,0.12295081967213115,50
2023-02-12,Shelter 1,121,141,33,88,20,129,150,21,108,21,0.2727272727272727,0.16279069767441862,54
2023-02-13,Shelter 1,107,146,31,76,39,106,146,31,75,40,0.2897196261682243,0.29245283018867924,62
2023-02-14,Shelter 1,101,149,30,71,48,138,141,18,120,3,0.297029702970297,0.13043478260869565,48
2023-02-15,Shelter 1,109,146,27,82,37,132,141,21,111,9,0.24770642201834864,0.1590909090909091,48
2023-02-16,Shelter 1,111,140,32,79,29,111,145,24,87,34,0.2882882882882883,0.21621621621621623,56
2023-02-17,Shelter 1,109,147,22,87,38,128,140,19,109,12,0.2018348623853211,0.1484375,41
2023-02-18,Shelter 1,128,143,29,99,15,118,150,18,100,32,0.2265625,0.15254237288135594,47
2023-02-19,Shelter 1,111,142,40,71,31,107,147,23,84,40,0.36036036036036034,0.21495327102803738,63
2023-02-20,Shelter 1,132,141,31,101,9,122,148,25,97,26,0.23484848484848486,0.20491803278688525,56
2023-02-21,Shelter 1,109,141,21,88,32,116,145,25,91,29,0.1926605504587156,0.21551724137931033,46
2023-02-22,Shelter 1,108,146,22,86,38,132,141,19,113,9,0.2037037037037037,0.14393939393939395,41
2023-02-23,Shelter 1,134,144,34,100,10,117,147,22,95,30,0.2537313432835821,0.18803418803418803,56
2023-02-24,Shelter 1,118,149,28,90,31,120,140,15,105,20,0.23728813559322035,0.125,43
2023-02-25,Shelter 1,110,141,33,77,31,107,147,26,81,40,0.3,0.24299065420560748,59
2023-02-26,Shelter 1,124,141,19,105,17,128,140,25,103,12,0.1532258064516129,0.1953125,44
2023-02-27,Shelter 1,116,140,25,91,24,113,146,20,93,33,0.21551724137931033,0.17699115044247787,45
2023-02-28,Shelter 1,100,141,25,75,41,123,143,22,101,20,0.25,0.17886178861788618,47
2023-03-01,Shelter 1,109,148,30,79,39,135,149,25,110,14,0.27522935779816515,0.18518518518518517,55
2023-03-02,Shelter 1,107,147,25,82,40,122,150,10,112,28,0.2336448598130841,0.08196721311475409,35
2023-03-03,Shelter 1,135,144,34,101,9,100,146,18,82,46,0.2518518518518518,0.18,52
2023-03-04,Shelter 1,134,148,21,113,14,137,141,22,115,4,0.15671641791044777,0.16058394160583941,43
2023-03-05,Shelter 1,137,145,31,106,8,111,144,27,84,33,0.22627737226277372,0.24324324324324326,58
2023-03-06,Shelter 1,130,147,31,99,17,134,140,21,113,6,0.23846153846153847,0.15671641791044777,52
2023-03-07,Shelter 1,101,144,29,72,43,112,141,17,95,29,0.2871287128712871,0.15178571428571427,46
2023-03-08,Shelter 1,139,142,23,116,3,140,150,29,111,10,0.16546762589928057,0.20714285714285716,52
2023-03-09,Shelter 1,137,141,30,107,4,119,140,22,97,21,0.21897810218978103,0.18487394957983194,52
2023-03-10,Shelter 1,137,149,35,102,12,118,148,19,99,30,0.25547445255474455,0.16101694915254236,54
2023-03-11,Shelter 1,113,145,40,73,32,129,150,22,107,21,0.35398230088495575,0.17054263565891473,62
2023-03-12,Shelter 1,121,143,27,94,22,130,147,21,109,17,0.2231404958677686,0.16153846153846155,48
2023-03-13,Shelter 1,108,149,25,83,41,117,141,20,97,24,0.23148148148148148,0.17094017094017094,45
2023-03-14,Shelter 1,107,147,34,73,40,129,140,22,107,11,0.3177570093457944,0.17054263565891473,56
2023-03-15,Shelter 1,111,148,22,89,37,107,140,14,93,33,0.1981981981981982,0.1308411214953271,36
2023-03-16,Shelter 1,133,145,36,97,12,111,150,22,89,39,0.2706766917293233,0.1981981981981982,58
2023-03-17,Shelter 1,103,146,24,79,43,139,145,26,113,6,0.23300970873786409,0.18705035971223022,50
2023-03-18,Shelter 1,129,148,33,96,19,107,149,26,81,42,0.2558139534883721,0.24299065420560748,59
2023-03-19,Shelter 1,120,150,26,94,30,100,142,26,74,42,0.21666666666666667,0.26,52
2023-03-20,Shelter 1,105,148,29,76,43,135,147,24,111,12,0.2761904761904762,0.17777777777777778,53
2023-03-21,Shelter 1,119,143,21,98,24,126,140,21,105,14,0.17647058823529413,0.16666666666666666,42
2023-03-22,Shelter 1,114,146,24,90,32,130,142,21,109,12,0.21052631578947367,0.16153846153846155,45
2023-03-23,Shelter 1,120,143,30,90,23,123,140,20,103,17,0.25,0.16260162601626016,50
2023-03-24,Shelter 1,103,143,34,69,40,117,148,19,98,31,0.3300970873786408,0.1623931623931624,53
2023-03-25,Shelter 1,139,146,23,116,7,103,142,17,86,39,0.16546762589928057,0.1650485436893204,40
2023-03-26,Shelter 1,127,148,23,104,21,102,142,22,80,40,0.18110236220472442,0.21568627450980393,45
2023-03-27,Shelter 1,107,147,28,79,40,113,140,24,89,27,0.2616822429906542,0.21238938053097345,52
2023-03-28,Shelter 1,114,149,37,77,35,119,150,21,98,31,0.32456140350877194,0.17647058823529413,58
2023-03-29,Shelter 1,110,144,38,72,34,111,141,18,93,30,0.34545454545454546,0.16216216216216217,56
2023-03-30,Shelter 1,100,141,29,71,41,136,147,21,115,11,0.29,0.15441176470588236,50
2023-03-31,Shelter 1,112,149,37,75,37,131,148,17,114,17,0.33035714285714285,0.1297709923664122,54
2023-04-01,Shelter 1,123,143,28,95,20,114,140,11,103,26,0.22764227642276422,0.09649122807017543,39
2023-04-02,Shelter 1,118,145,39,79,27,121,148,16,105,27,0.3305084745762712,0.1322314049586777,55
2023-04-03,Shelter 1,105,140,23,82,35,106,145,28,78,39,0.21904761904761905,0.2641509433962264,51
2023-04-04,Shelter 1,134,142,34,100,8,138,145,17,121,7,0.2537313432835821,0.12318840579710146,51
2023-04-05,Shelter 1,110,147,25,85,37,107,145,24,83,38,0.22727272727272727,0.22429906542056074,49
2023-04-06,Shelter 1,116,142,36,80,26,119,150,19,100,31,0.3103448275862069,0.15966386554621848,55
2023-04-07,Shelter 1,111,150,34,77,39,134,144,18,116,10,0.3063063063063063,0.13432835820895522,52
2023-04-08,Shelter 1,103,150,36,67,47,115,146,22,93,31,0.34951456310679613,0.19130434782608696,58
2023-04-09,Shelter 1,100,142,31,69,42,140,144,22,118,4,0.31,0.15714285714285714,53
2023-04-10,Shelter 1,109,143,35,74,34,140,148,22,118,8,0.3211009174311927,0.15714285714285714,57
2023-04-11,Shelter 1,104,142,23,81,38,115,149,23,92,34,0.22115384615384615,0.2,46
2023-04-12,Shelter 1,132,150,36,96,18,132,150,15,117,18,0.2727272727272727,0.11363636363636363,51
2023-04-13,Shelter 1,126,142,23,103,16,120,146,34,86,26,0.18253968253968253,0.2833333333333333,57
2023-04-14,Shelter 1,139,150,35,104,11,110,141,16,94,31,0.2517985611510791,0.14545454545454545,51
2023-04-15,Shelter 1,128,142,26,102,14,125,145,19,106,20,0.203125,0.152,45
2023-04-16,Shelter 1,104,150,22,82,46,115,149,14,101,34,0.21153846153846154,0.12173913043478261,36
2023-04-17,Shelter 1,116,148,38,78,32,120,145,21,99,25,0.3275862068965517,0.175,59
2023-04-18,Shelter 1,101,144,28,73,43,127,145,19,108,18,0.27722772277227725,0.14960629921259844,47
2023-04-19,Shelter 1,120,150,35,85,30,107,143,18,89,36,0.2916666666666667,0.16822429906542055,53
2023-04-20,Shelter 1,138,145,30,108,7,127,150,19,108,23,0.21739130434782608,0.14960629921259844,49
2023-04-21,Shelter 1,123,141,39,84,18,118,142,20,98,24,0.3170731707317073,0.1694915254237288,59
2023-04-22,Shelter 1,116,146,33,83,30,132,141,21,111,9,0.28448275862068967,0.1590909090909091,54
2023-04-23,Shelter 1,140,140,32,108,0,123,142,23,100,19,0.22857142857142856,0.18699186991869918,55
2023-04-24,Shelter 1,138,142,23,115,4,107,141,27,80,34,0.16666666666666666,0.2523364485981308,50
2023-04-25,Shelter 1,134,148,23,111,14,123,150,18,105,27,0.17164179104477612,0.14634146341463414,41
2023-04-26,Shelter 1,105,141,33,72,36,118,146,18,100,28,0.3142857142857143,0.15254237288135594,51
2023-04-27,Shelter 1,122,146,36,86,24,119,147,15,104,28,0.29508196721311475,0.12605042016806722,51
2023-04-28,Shelter 1,114,148,30,84,34,122,148,21,101,26,0.2631578947368421,0.1721311475409836,51
2023-04-29,Shelter 1,106,147,28,78,41,135,144,14,121,9,0.2641509433962264,0.1037037037037037,42
2023-04-30,Shelter 1,119,145,33,86,26,101,143,21,80,42,0.2773109243697479,0.2079207920792079,54
2023-05-01,Shelter 1,139,142,18,121,3,108,141,18,90,33,0.12949640287769784,0.16666666666666666,36
2023-05-02,Shelter 1,132,141,23,109,9,124,140,17,107,16,0.17424242424242425,0.13709677419354838,40
2023-05-03,Shelter 1,114,140,33,81,26,115,149,15,100,34,0.2894736842105263,0.13043478260869565,48
2023-05-04,Shelter 1,140,150,30,110,10,102,147,22,80,45,0.21428571428571427,0.21568627450980393,52
2023-05-05,Shelter 1,129,147,36,93,18,106,140,10,96,34,0.27906976744186046,0.09433962264150944,46
2023-05-06,Shelter 1,129,146,32,97,17,132,141,19,113,9,0.24806201550387597,0.14393939393939395,51
2023-05-07,Shelter 1,119,141,28,91,22,133,144,13,120,11,0.23529411764705882,0.09774436090225563,41
2023-05-08,Shelter 1,118,149,32,86,31,120,145,19,101,25,0.2711864406779661,0.15833333333333333,51
2023-05-09,Shelter 1,106,142,43,63,36,124,140,21,103,16,0.4056603773584906,0.1693548387096774,64
2023-05-10,Shelter 1,113,144,25,88,31,124,146,35,89,22,0.22123893805309736,0.28225806451612906,60
2023-05-11,Shelter 1,108,148,38,70,40,133,148,17,116,15,0.35185185185185186,0.12781954887218044,55
2023-05-12,Shelter 1,131,142,36,95,11,107,144,20,87,37,0.2748091603053435,0.18691588785046728,56
2023-05-13,Shelter 1,103,142,36,67,39,123,150,25,98,27,0.34951456310679613,0.2032520325203252,61
2023-05-14,Shelter 1,133,149,31,102,16,121,148,16,105,27,0.23308270676691728,0.1322314049586777,47
2023-05-15,Shelter 1,126,149,38,88,23,125,149,21,104,24,0.30158730158730157,0.168,59
2023-05-16,Shelter 1,137,150,24,113,13,123,143,20,103,20,0.17518248175182483,0.16260162601626016,44
2023-05-17,Shelter 1,133,150,31,102,17,127,149,16,111,22,0.23308270676691728,0.12598425196850394,47
2023-05-18,Shelter 1,135,140,30,105,5,118,145,24,94,27,0.2222222222222222,0.2033898305084746,54
2023-05-19,Shelter 1,136,148,26,110,12,100,140,19,81,40,0.19117647058823528,0.19,45
2023-05-20,Shelter 1,132,148,23,109,16,111,149,19,92,38,0.17424242424242425,0.17117117117117117,42
2023-05-21,Shelter 1,112,140,25,87,28,106,147,20,86,41,0.22321428571428573,0.18867924528301888,45
2023-05-22,Shelter 1,106,142,28,78,36,112,147,16,96,35,0.2641509433962264,0.14285714285714285,44
2023-05-23,Shelter 1,107,141,34,73,34,106,144,20,86,38,0.3177570093457944,0.18867924528301888,54
2023-05-24,Shelter 1,100,146,22,78,46,137,141,21,116,4,0.22,0.15328467153284672,43
2023-05-25,Shelter 1,138,149,31,107,11,116,150,18,98,34,0.2246376811594203,0.15517241379310345,49
2023-05-26,Shelter 1,127,148,25,102,21,127,146,19,108,19,0.1968503937007874,0.14960629921259844,44
2023-05-27,Shelter 1,124,149,34,90,25,101,147,22,79,46,0.27419354838709675,0.21782178217821782,56
2023-05-28,Shelter 1,117,150,26,91,33,140,142,21,119,2,0.2222222222222222,0.15,47
2023-05-29,Shelter 1,112,146,24,88,34,140,147,18,122,7,0.21428571428571427,0.12857142857142856,42
2023-05-30,Shelter 1,116,140,25,91,24,129,141,24,105,12,0.21551724137931033,0.18604651162790697,49
2023-05-31,Shelter 1,121,141,33,88,20,101,140,22,79,39,0.2727272727272727,0.21782178217821782,55
2023-06-01,Shelter 1,103,148,34,69,45,136,146,25,111,10,0.3300970873786408,0.18382352941176472,59
2023-06-02,Shelter 1,101,149,24,77,48,109,141,17,92,32,0.2376237623762376,0.1559633027522936,41
2023-06-03,Shelter 1,129,144,20,109,15,135,140,16,119,5,0.15503875968992248,0.11851851851851852,36
2023-06-04,Shelter 1,112,149,33,79,37,127,143,25,102,16,0.29464285714285715,0.1968503937007874,58
2023-06-05,Shelter 1,106,147,29,77,41,126,149,20,106,23,0.27358490566037735,0.15873015873015872,49
2023-06-06,Shelter 1,133,142,29,104,9,100,142,21,79,42,0.21804511278195488,0.21,50
2023-06-07,Shelter 1,130,148,32,98,18,113,148,23,90,35,0.24615384615384617,0.20353982300884957,55
2023-06-08,Shelter 1,139,150,32,107,11,121,140,23,98,19,0.2302158273381295,0.19008264462809918,55
2023-06-09,Shelter 1,126,147,29,97,21,115,145,15,100,30,0.23015873015873015,0.13043478260869565,44
2023-06-10,Shelter 1,130,142,30,100,12,131,150,17,114,19,0.23076923076923078,0.1297709923664122,47
2023-06-11,Shelter 1,101,140,27,74,39,133,145,22,111,12,0.26732673267326734,0.16541353383458646,49
2023-06-12,Shelter 1,140,146,31,109,6,134,147,26,108,13,0.22142857142857142,0.19402985074626866,57
2023-06-13,Shelter 1,119,145,24,95,26,128,150,11,117,22,0.20168067226890757,0.0859375,35
2023-06-14,Shelter 1,126,149,35,91,23,117,140,29,88,23,0.2777777777777778,0.24786324786324787,64
2023-06-15,Shelter 1,118,147,29,89,29,137,142,17,120,5,0.2457627118644068,0.12408759124087591,46
2023-06-16,Shelter 1,102,140,29,73,38,116,145,18,98,29,0.28431372549019607,0.15517241379310345,47
2023-06-17,Shelter 1,100,146,42,58,46,138,145,18,120,7,0.42,0.13043478260869565,60
2023-06-18,Shelter 1,136,145,34,102,9,128,146,27,101,18,0.25,0.2109375,61
2023-06-19,Shelter 1,122,143,32,90,21,100,140,18,82,40,0.26229508196721313,0.18,50
2023-06-20,Shelter 1,131,149,31,100,18,114,145,19,95,31,0.2366412213740458,0.16666666666666666,50
2023-06-21,Shelter 1,125,146,30,95,21,132,141,24,108,9,0.24,0.18181818181818182,54
2023-06-22,Shelter 1,116,145,33,83,29,117,142,16,101,25,0.28448275862068967,0.13675213675213677,49
2023-06-23,Shelter 1,134,140,33,101,6,104,148,14,90,44,0.2462686567164179,0.1346153846153846,47
2023-06-24,Shelter 1,134,143,25,109,9,139,141,22,117,2,0.1865671641791045,0.15827338129496402,47
2023-06-25,Shelter 1,129,148,32,97,19,116,145,18,98,29,0.24806201550387597,0.15517241379310345,50
2023-06-26,Shelter 1,138,143,29,109,5,103,141,21,82,38,0.21014492753623187,0.20388349514563106,50
2023-06-27,Shelter 1,126,146,27,99,20,115,143,21,94,28,0.21428571428571427,0.1826086956521739,48
2023-06-28,Shelter 1,140,143,27,113,3,139,140,23,116,1,0.19285714285714287,0.16546762589928057,50
2023-06-29,Shelter 1,106,142,25,81,36,100,150,23,77,50,0.2358490566037736,0.23,48
2023-06-30,Shelter 1,129,140,22,107,11,114,144,20,94,30,0.17054263565891473,0.17543859649122806,42
2023-07-01,Shelter 1,113,149,29,84,36,138,148,27,111,10,0.25663716814159293,0.1956521739130435,56
2023-07-02,Shelter 1,110,142,30,80,32,134,150,22,112,16,0.2727272727272727,0.16417910447761194,52
2023-07-03,Shelter 1,130,141,31,99,11,103,145,22,81,42,0.23846153846153847,0.21359223300970873,53
2023-07-04,Shelter 1,110,146,33,77,36,105,149,17,88,44,0.3,0.1619047619047619,50
2023-07-05,Shelter 1,125,143,28,97,18,120,142,24,96,22,0.224,0.2,52
2023-07-06,Shelter 1,102,149,28,74,47,139,150,10,129,11,0.27450980392156865,0.07194244604316546,38
2023-07-07,Shelter 1,130,145,32,98,15,125,149,21,104,24,0.24615384615384617,0.168,53
2023-07-08,Shelter 1,105,144,29,76,39,132,146,21,111,14,0.2761904761904762,0.1590909090909091,50
2023-07-09,Shelter 1,127,142,39,88,15,106,142,21,85,36,0.30708661417322836,0.19811320754716982,60
2023-07-10,Shelter 1,119,148,35,84,29,136,146,24,112,10,0.29411764705882354,0.17647058823529413,59
2023-07-11,Shelter 1,111,140,20,91,29,114,140,18,96,26,0.18018018018018017,0.15789473684210525,38
2023-07-12,Shelter 1,126,146,25,101,20,102,145,13,89,43,0.1984126984126984,0.12745098039215685,38
2023-07-13,Shelter 1,121,140,35,86,19,115,148,28,87,33,0.2892561983471074,0.24347826086956523,63
2023-07-14,Shelter 1,118,142,23,95,24,130,142,17,113,12,0.19491525423728814,0.13076923076923078,40
2023-07-15,Shelter 1,117,149,24,93,32,125,148,19,106,23,0.20512820512820512,0.152,43
2023-07-16,Shelter 1,103,149,26,77,46,137,148,20,117,11,0.2524271844660194,0.145985401459854,46
2023-07-17,Shelter 1,108,145,25,83,37,129,142,17,112,13,0.23148148148148148,0.13178294573643412,42
2023-07-18,Shelter 1,128,142,27,101,14,128,149,12,116,21,0.2109375,0.09375,39
2023-07-19,Shelter 1,129,149,31,98,20,135,142,12,123,7,0.24031007751937986,0.08888888888888889,43
2023-07-20,Shelter 1,124,148,33,91,24,100,146,18,82,46,0.2661290322580645,0.18,51
2023-07-21,Shelter 1,109,144,34,75,35,131,148,27,104,17,0.3119266055045872,0.20610687022900764,61
2023-07-22,Shelter 1,108,146,30,78,38,137,147,22,115,10,0.2777777777777778,0.16058394160583941,52
2023-07-23,Shelter 1,135,144,26,109,9,110,149,28,82,39,0.1925925925925926,0.2545454545454545,54
2023-07-24,Shelter 1,124,150,25,99,26,129,144,15,114,15,0.20161290322580644,0.11627906976744186,40
2023-07-25,Shelter 1,107,143,34,73,36,102,141,17,85,39,0.3177570093457944,0.16666666666666666,51
2023-07-26,Shelter 1,117,144,18,99,27,109,145,22,87,36,0.15384615384615385,0.2018348623853211,40
2023-07-27,Shelter 1,140,148,27,113,8,120,144,25,95,24,0.19285714285714287,0.20833333333333334,52
2023-07-28,Shelter 1,132,149,27,105,17,108,148,20,88,40,0.20454545454545456,0.18518518518518517,47
2023-07-29,Shelter 1,116,149,31,85,33,102,145,14,88,43,0.2672413793103448,0.13725490196078433,45
2023-07-30,Shelter 1,116,144,30,86,28,107,141,21,86,34,0.25862068965517243,0.19626168224299065,51
2023-07-31,Shelter 1,111,146,26,85,35,112,150,23,89,38,0.23423423423423423,0.20535714285714285,49
2023-08-01,Shelter 1,114,150,30,84,36,135,142,24,111,7,0.2631578947368421,0.17777777777777778,54
2023-08-02,Shelter 1,122,149,33,89,27,122,146,19,103,24,0.27049180327868855,0.1557377049180328,52
2023-08-03,Shelter 1,118,150,42,76,32,124,149,12,112,25,0.3559322033898305,0.0967741935483871,54
2023-08-04,Shelter 1,128,142,28,100,14,138,149,23,115,11,0.21875,0.16666666666666666,51
2023-08-05,Shelter 1,129,144,33,96,15,101,142,22,79,41,0.2558139534883721,0.21782178217821782,55
2023-08-06,Shelter 1,128,145,30,98,17,118,145,19,99,27,0.234375,0.16101694915254236,49
2023-08-07,Shelter 1,140,141,26,114,1,122,140,25,97,18,0.18571428571428572,0.20491803278688525,51
2023-08-08,Shelter 1,123,146,32,91,23,104,147,18,86,43,0.2601626016260163,0.17307692307692307,50
2023-08-09,Shelter 1,116,140,22,94,24,140,143,19,121,3,0.1896551724137931,0.1357142857142857,41
2023-08-10,Shelter 1,126,143,30,96,17,126,149,20,106,23,0.23809523809523808,0.15873015873015872,50
2023-08-11,Shelter 1,123,145,25,98,22,114,141,20,94,27,0.2032520325203252,0.17543859649122806,45
2023-08-12,Shelter 1,128,146,34,94,18,124,149,23,101,25,0.265625,0.18548387096774194,57
2023-08-13,Shelter 1,124,143,34,90,19,132,142,23,109,10,0.27419354838709675,0.17424242424242425,57
2023-08-14,Shelter 1,100,143,34,66,43,123,149,21,102,26,0.34,0.17073170731707318,55
2023-08-15,Shelter 1,118,150,38,80,32,139,140,25,114,1,0.3220338983050847,0.17985611510791366,63
2023-08-16,Shelter 1,107,145,37,70,38,124,142,26,98,18,0.34579439252336447,0.20967741935483872,63
2023-08-17,Shelter 1,121,141,30,91,20,106,145,19,87,39,0.24793388429752067,0.1792452830188679,49
2023-08-18,Shelter 1,139,150,32,107,11,140,147,27,113,7,0.2302158273381295,0.19285714285714287,59
2023-08-19,Shelter 1,136,143,18,118,7,140,146,34,106,6,0.1323529411764706,0.24285714285714285,52
2023-08-20,Shelter 1,100,141,26,74,41,123,143,20,103,20,0.26,0.16260162601626016,46
2023-08-21,Shelter 1,133,145,32,101,12,124,140,17,107,16,0.24060150375939848,0.13709677419354838,49
2023-08-22,Shelter 1,123,143,27,96,20,134,148,23,111,14,0.21951219512195122,0.17164179104477612,50
2023-08-23,Shelter 1,117,144,31,86,27,134,147,22,112,13,0.26495726495726496,0.16417910447761194,53
2023-08-24,Shelter 1,111,146,25,86,35,110,148,25,85,38,0.22522522522522523,0.22727272727272727,50
2023-08-25,Shelter 1,129,148,25,104,19,120,141,23,97,21,0.1937984496124031,0.19166666666666668,48
2023-08-26,Shelter 1,128,148,35,93,20,135,147,16,119,12,0.2734375,0.11851851851851852,51
2023-08-27,Shelter 1,117,148,23,94,31,117,140,25,92,23,0.19658119658119658,0.21367521367521367,48
2023-08-28,Shelter 1,110,149,33,77,39,140,144,19,121,4,0.3,0.1357142857142857,52
2023-08-29,Shelter 1,114,140,28,86,26,106,141,21,85,35,0.24561403508771928,0.19811320754716982,49
2023-08-30,Shelter 1,135,150,31,104,15,116,148,18,98,32,0.22962962962962963,0.15517241379310345,49
2023-08-31,Shelter 1,104,149,32,72,45,132,142,17,115,10,0.3076923076923077,0.12878787878787878,49
2023-09-01,Shelter 1,128,147,28,100,19,112,143,20,92,31,0.21875,0.17857142857142858,48
2023-09-02,Shelter 1,111,142,29,82,31,113,142,15,98,29,0.26126126126126126,0.13274336283185842,44
2023-09-03,Shelter 1,119,147,27,92,28,124,141,14,110,17,0.226890756302521,0.11290322580645161,41
2023-09-04,Shelter 1,115,150,31,84,35,133,149,20,113,16,0.26956521739130435,0.15037593984962405,51
2023-09-05,Shelter 1,137,140,30,107,3,135,147,21,114,12,0.21897810218978103,0.15555555555555556,51
2023-09-06,Shelter 1,120,140,30,90,20,107,148,15,92,41,0.25,0.14018691588785046,45
2023-09-07,Shelter 1,111,148,25,86,37,104,150,11,93,46,0.22522522522522523,0.10576923076923077,36
2023-09-08,Shelter 1,106,148,32,74,42,111,148,15,96,37,0.3018867924528302,0.13513513513513514,47
2023-09-09,Shelter 1,133,141,38,95,8,132,149,16,116,17,0.2857142857142857,0.12121212121212122,54
2023-09-10,Shelter 1,103,141,22,81,38,133,149,14,119,16,0.21359223300970873,0.10526315789473684,36
2023-09-11,Shelter 1,131,142,42,89,11,105,150,19,86,45,0.32061068702290074,0.18095238095238095,61
2023-09-12,Shelter 1,111,146,24,87,35,112,148,22,90,36,0.21621621621621623,0.19642857142857142,46
2023-09-13,Shelter 1,131,143,38,93,12,124,140,21,103,16,0.2900763358778626,0.1693548387096774,59
2023-09-14,Shelter 1,131,146,30,101,15,112,143,18,94,31,0.22900763358778625,0.16071428571428573,48
2023-09-15,Shelter 1,127,142,27,100,15,101,141,16,85,40,0.2125984251968504,0.15841584158415842,43
2023-09-16,Shelter 1,101,150,31,70,49,139,144,22,117,5,0.3069306930693069,0.15827338129496402,53
2023-09-17,Shelter 1,125,149,33,92,24,139,144,17,122,5,0.264,0.1223021582733813,50
2023-09-18,Shelter 1,118,142,36,82,24,112,145,26,86,33,0.3050847457627119,0.23214285714285715,62
2023-09-19,Shelter 1,117,143,24,93,26,132,140,20,112,8,0.20512820512820512,0.15151515151515152,44
2023-09-20,Shelter 1,122,147,37,85,25,106,147,15,91,41,0.30327868852459017,0.14150943396226415,52
2023-09-21,Shelter 1,126,149,37,89,23,136,146,32,104,10,0.29365079365079366,0.23529411764705882,69
2023-09-22,Shelter 1,133,144,33,100,11,118,144,23,95,26,0.24812030075187969,0.19491525423728814,56
2023-09-23,Shelter 1,122,147,31,91,25,117,149,16,101,32,0.2540983606557377,0.13675213675213677,47
2023-09-24,Shelter 1,138,142,28,110,4,113,148,23,90,35,0.2028985507246377,0.20353982300884957,51
2023-09-25,Shelter 1,104,143,38,66,39,116,150,22,94,34,0.36538461538461536,0.1896551724137931,60
2023-09-26,Shelter 1,115,144,27,88,29,105,146,16,89,41,0.23478260869565218,0.1523809523809524,43
2023-09-27,Shelter 1,140,146,33,107,6,107,143,22,85,36,0.2357142857142857,0.205607476635514,55
2023-09-28,Shelter 1,121,142,31,90,21,102,142,11,91,40,0.256198347107438,0.10784313725490197,42
2023-09-29,Shelter 1,107,140,43,64,33,100,150,16,84,50,0.40186915887850466,0.16,59
2023-09-30,Shelter 1,100,144,25,75,44,135,148,29,106,13,0.25,0.21481481481481482,54
2023-10-01,Shelter 1,113,143,27,86,30,124,144,18,106,20,0.23893805309734514,0.14516129032258066,45
2023-10-02,Shelter 1,131,145,28,103,14,126,146,22,104,20,0.21374045801526717,0.1746031746031746,50
2023-10-03,Shelter 1,113,149,20,93,36,134,149,10,124,15,0.17699115044247787,0.07462686567164178,30
2023-10-04,Shelter 1,119,148,32,87,29,129,147,28,101,18,0.2689075630252101,0.21705426356589147,60
2023-10-05,Shelter 1,131,148,34,97,17,123,146,16,107,23,0.2595419847328244,0.13008130081300814,50
2023-10-06,Shelter 1,101,143,25,76,42,128,145,14,114,17,0.24752475247524752,0.109375,39
2023-10-07,Shelter 1,124,148,23,101,24,129,140,24,105,11,0.18548387096774194,0.18604651162790697,47
2023-10-08,Shelter 1,124,141,31,93,17,102,142,20,82,40,0.25,0.19607843137254902,51
2023-10-09,Shelter 1,114,144,22,92,30,120,144,22,98,24,0.19298245614035087,0.18333333333333332,44
2023-10-10,Shelter 1,113,143,29,84,30,119,150,29,90,31,0.25663716814159293,0.24369747899159663,58
2023-10-11,Shelter 1,130,144,28,102,14,102,149,19,83,47,0.2153846153846154,0.18627450980392157,47
2023-10-12,Shelter 1,100,143,27,73,43,100,144,22,78,44,0.27,0.22,49
2023-10-13,Shelter 1,124,140,23,101,16,116,148,26,90,32,0.18548387096774194,0.22413793103448276,49
2023-10-14,Shelter 1,129,145,39,90,16,102,142,13,89,40,0.3023255813953488,0.12745098039215685,52
2023-10-15,Shelter 1,117,148,29,88,31,110,146,14,96,36,0.24786324786324787,0.12727272727272726,43
2023-10-16,Shelter 1,126,147,20,106,21,120,147,20,100,27,0.15873015873015872,0.16666666666666666,40
2023-10-17,Shelter 1,103,140,37,66,37,107,147,23,84,40,0.3592233009708738,0.21495327102803738,60
2023-10-18,Shelter 1,122,141,39,83,19,124,149,17,107,25,0.319672131147541,0.13709677419354838,56
2023-10-19,Shelter 1,113,145,20,93,32,120,146,17,103,26,0.17699115044247787,0.14166666666666666,37
2023-10-20,Shelter 1,138,146,24,114,8,102,145,19,83,43,0.17391304347826086,0.18627450980392157,43
2023-10-21,Shelter 1,120,141,29,91,21,129,143,18,111,14,0.24166666666666667,0.13953488372093023,47
2023-10-22,Shelter 1,112,147,29,83,35,106,144,14,92,38,0.25892857142857145,0.1320754716981132,43
2023-10-23,Shelter 1,107,142,36,71,35,139,146,15,124,7,0.3364485981308411,0.1079136690647482,51
2023-10-24,Shelter 1,137,146,24,113,9,111,143,25,86,32,0.17518248175182483,0.22522522522522523,49
2023-10-25,Shelter 1,119,144,38,81,25,119,144,19,100,25,0.31932773109243695,0.15966386554621848,57
2023-10-26,Shelter 1,114,144,30,84,30,110,140,21,89,30,0.2631578947368421,0.19090909090909092,51
2023-10-27,Shelter 1,113,146,18,95,33,115,140,18,97,25,0.1592920353982301,0.1565217391304348,36
2023-10-28,Shelter 1,130,150,33,97,20,131,143,18,113,12,0.25384615384615383,0.13740458015267176,51
2023-10-29,Shelter 1,129,143,36,93,14,101,149,18,83,48,0.27906976744186046,0.1782178217821782,54
2023-10-30,Shelter 1,120,141,35,85,21,118,140,20,98,22,0.2916666666666667,0.1694915254237288,55
2023-10-31,Shelter 1,112,148,38,74,36,130,147,19,111,17,0.3392857142857143,0.14615384615384616,57
2023-11-01,Shelter 1,104,145,26,78,41,108,150,10,98,42,0.25,0.09259259259259259,36
2023-11-02,Shelter 1,134,150,32,102,16,117,145,21,96,28,0.23880597014925373,0.1794871794871795,53
2023-11-03,Shelter 1,139,149,28,111,10,137,145,14,123,8,0.2014388489208633,0.10218978102189781,42
2023-11-04,Shelter 1,114,140,23,91,26,134,145,16,118,11,0.20175438596491227,0.11940298507462686,39
2023-11-05,Shelter 1,108,150,27,81,42,139,149,14,125,10,0.25,0.10071942446043165,41
2023-11-06,Shelter 1,114,144,34,80,30,114,140,14,100,26,0.2982456140350877,0.12280701754385964,48
2023-11-07,Shelter 1,104,142,37,67,38,122,146,21,101,24,0.3557692307692308,0.1721311475409836,58
2023-11-08,Shelter 1,100,148,22,78,48,133,145,18,115,12,0.22,0.13533834586466165,40
2023-11-09,Shelter 1,118,147,39,79,29,136,148,26,110,12,0.3305084745762712,0.19117647058823528,65
2023-11-10,Shelter 1,136,146,29,107,10,122,149,12,110,27,0.21323529411764705,0.09836065573770492,41
2023-11-11,Shelter 1,101,148,25,76,47,100,142,18,82,42,0.24752475247524752,0.18,43
2023-11-12,Shelter 1,125,148,28,97,23,123,141,20,103,18,0.224,0.16260162601626016,48
2023-11-13,Shelter 1,136,147,26,110,11,112,148,26,86,36,0.19117647058823528,0.23214285714285715,52
2023-11-14,Shelter 1,107,147,31,76,40,134,144,26,108,10,0.2897196261682243,0.19402985074626866,57
2023-11-15,Shelter 1,108,142,35,73,34,131,142,16,115,11,0.32407407407407407,0.12213740458015267,51
2023-11-16,Shelter 1,124,145,33,91,21,113,144,23,90,31,0.2661290322580645,0.20353982300884957,56
2023-11-17,Shelter 1,106,145,15,91,39,104,149,22,82,45,0.14150943396226415,0.21153846153846154,37
2023-11-18,Shelter 1,128,143,19,109,15,113,142,22,91,29,0.1484375,0.19469026548672566,41
2023-11-19,Shelter 1,140,147,24,116,7,137,144,16,121,7,0.17142857142857143,0.11678832116788321,40
2023-11-20,Shelter 1,140,146,29,111,6,114,141,16,98,27,0.20714285714285716,0.14035087719298245,45
2023-11-21,Shelter 1,102,141,39,63,39,111,145,16,95,34,0.38235294117647056,0.14414414414414414,55
2023-11-22,Shelter 1,103,145,33,70,42,123,150,19,104,27,0.32038834951456313,0.15447154471544716,52
2023-11-23,Shelter 1,113,146,26,87,33,137,147,22,115,10,0.23008849557522124,0.16058394160583941,48
2023-11-24,Shelter 1,122,150,35,87,28,134,140,20,114,6,0.28688524590163933,0.14925373134328357,55
2023-11-25,Shelter 1,125,145,27,98,20,136,146,19,117,10,0.216,0.13970588235294118,46
2023-11-26,Shelter 1,133,149,30,103,16,138,144,14,124,6,0.22556390977443608,0.10144927536231885,44
2023-11-27,Shelter 1,102,148,33,69,46,101,145,16,85,44,0.3235294117647059,0.15841584158415842,49
2023-11-28,Shelter 1,135,143,34,101,8,107,147,21,86,40,0.2518518518518518,0.19626168224299065,55
2023-11-29,Shelter 1,126,145,32,94,19,117,142,23,94,25,0.25396825396825395,0.19658119658119658,55
2023-11-30,Shelter 1,123,141,29,94,18,109,149,23,86,40,0.23577235772357724,0.21100917431192662,52
2023-12-01,Shelter 1,120,140,27,93,20,125,149,17,108,24,0.225,0.136,44
2023-12-02,Shelter 1,131,149,24,107,18,119,143,16,103,24,0.183206106870229,0.13445378151260504,40
2023-12-03,Shelter 1,102,143,18,84,41,100,144,17,83,44,0.17647058823529413,0.17,35
2023-12-04,Shelter 1,112,140,37,75,28,118,141,31,87,23,0.33035714285714285,0.2627118644067797,68
2023-12-05,Shelter 1,133,147,35,98,14,114,150,14,100,36,0.2631578947368421,0.12280701754385964,49
2023-12-06,Shelter 1,110,148,37,73,38,118,143,19,99,25,0.33636363636363636,0.16101694915254236,56
2023-12-07,Shelter 1,106,150,31,75,44,134,149,12,122,15,0.29245283018867924,0.08955223880597014,43
2023-12-08,Shelter 1,114,141,27,87,27,126,141,18,108,15,0.23684210526315788,0.14285714285714285,45
2023-12-09,Shelter 1,112,148,30,82,36,116,150,19,97,34,0.26785714285714285,0.16379310344827586,49
2023-12-10,Shelter 1,125,141,38,87,16,112,145,20,92,33,0.304,0.17857142857142858,58
2023-12-11,Shelter 1,110,148,35,75,38,134,142,23,111,8,0.3181818181818182,0.17164179104477612,58
2023-12-12,Shelter 1,108,147,23,85,39,131,142,20,111,11,0.21296296296296297,0.15267175572519084,43
2023-12-13,Shelter 1,131,145,33,98,14,113,148,28,85,35,0.25190839694656486,0.24778761061946902,61
2023-12-14,Shelter 1,135,141,31,104,6,118,143,23,95,25,0.22962962962962963,0.19491525423728814,54
2023-12-15,Shelter 1,105,149,21,84,44,135,140,22,113,5,0.2,0.16296296296296298,43
2023-12-16,Shelter 1,106,144,35,71,38,101,147,23,78,46,0.330188679245283,0.22772277227722773,58
2023-12-17,Shelter 1,107,148,37,70,41,106,141,18,88,35,0.34579439252336447,0.16981132075471697,55
2023-12-18,Shelter 1,129,146,27,102,17,122,144,26,96,22,0.20930232558139536,0.21311475409836064,53
2023-12-19,Shelter 1,103,149,29,74,46,136,148,21,115,12,0.2815533980582524,0.15441176470588236,50
2023-12-20,Shelter 1,119,141,29,90,22,117,144,18,99,27,0.24369747899159663,0.15384615384615385,47
2023-12-21,Shelter 1,103,146,32,71,43,104,146,14,90,42,0.3106796116504854,0.1346153846153846,46
2023-12-22,Shelter 1,140,145,35,105,5,129,144,31,98,15,0.25,0.24031007751937986,66
2023-12-23,Shelter 1,122,144,27,95,22,140,140,17,123,0,0.22131147540983606,0.12142857142857143,44
2023-12-24,Shelter 1,137,145,24,113,8,139,149,21,118,10,0.17518248175182483,0.1510791366906475,45
2023-12-25,Shelter 1,102,141,34,68,39,118,140,26,92,22,0.3333333333333333,0.22033898305084745,60
2023-12-26,Shelter 1,114,144,31,83,30,128,143,27,101,15,0.2719298245614035,0.2109375,58
2023-12-27,Shelter 1,107,143,33,74,36,117,140,12,105,23,0.308411214953271,0.10256410256410256,45
2023-12-28,Shelter 1,112,147,33,79,35,105,141,12,93,36,0.29464285714285715,0.11428571428571428,45
2023-12-29,Shelter 1,103,144,29,74,41,135,146,20,115,11,0.2815533980582524,0.14814814814814814,49
2023-12-30,Shelter 1,117,150,24,93,33,128,143,20,108,15,0.20512820512820512,0.15625,44
2023-12-31,Shelter 1,100,141,35,65,41,123,145,14,109,22,0.35,0.11382113821138211,49
2023-01-01,Shelter 2,107,144,36,71,37,128,150,16,112,22,0.3364485981308411,0.125,52
2023-01-02,Shelter 2,109,149,26,83,40,127,142,20,107,15,0.23853211009174313,0.15748031496062992,46
2023-01-03,Shelter 2,100,145,40,60,45,121,141,28,93,20,0.4,0.23140495867768596,68
2023-01-04,Shelter 2,104,140,40,64,36,122,143,17,105,21,0.38461538461538464,0.13934426229508196,57
2023-01-05,Shelter 2,122,145,22,100,23,133,150,16,117,17,0.18032786885245902,0.12030075187969924,38
2023-01-06,Shelter 2,138,142,37,101,4,125,146,20,105,21,0.26811594202898553,0.16,57
2023-01-07,Shelter 2,108,149,28,80,41,107,147,10,97,40,0.25925925925925924,0.09345794392523364,38
2023-01-08,Shelter 2,132,146,36,96,14,102,141,18,84,39,0.2727272727272727,0.17647058823529413,54
2023-01-09,Shelter 2,124,143,48,76,19,101,150,15,86,49,0.3870967741935484,0.1485148514851485,63
2023-01-10,Shelter 2,119,146,25,94,27,106,140,20,86,34,0.21008403361344538,0.18867924528301888,45
2023-01-11,Shelter 2,105,146,38,67,41,119,140,20,99,21,0.3619047619047619,0.16806722689075632,58
2023-01-12,Shelter 2,103,144,31,72,41,130,148,23,107,18,0.30097087378640774,0.17692307692307693,54
2023-01-13,Shelter 2,115,143,25,90,28,121,141,24,97,20,0.21739130434782608,0.19834710743801653,49
2023-01-14,Shelter 2,114,144,35,79,30,119,150,18,101,31,0.30701754385964913,0.15126050420168066,53
2023-01-15,Shelter 2,104,147,23,81,43,110,141,17,93,31,0.22115384615384615,0.15454545454545454,40
2023-01-16,Shelter 2,121,146,28,93,25,115,150,14,101,35,0.23140495867768596,0.12173913043478261,42
2023-01-17,Shelter 2,131,144,22,109,13,131,146,15,116,15,0.16793893129770993,0.11450381679389313,37
2023-01-18,Shelter 2,140,142,24,116,2,136,146,20,116,10,0.17142857142857143,0.14705882352941177,44
2023-01-19,Shelter 2,104,145,32,72,41,136,147,17,119,11,0.3076923076923077,0.125,49
2023-01-20,Shelter 2,101,148,38,63,47,122,150,24,98,28,0.37623762376237624,0.19672131147540983,62
2023-01-21,Shelter 2,110,142,30,80,32,112,147,21,91,35,0.2727272727272727,0.1875,51
2023-01-22,Shelter 2,108,143,31,77,35,127,146,15,112,19,0.28703703703703703,0.11811023622047244,46
2023-01-23,Shelter 2,113,143,33,80,30,117,146,23,94,29,0.2920353982300885,0.19658119658119658,56
2023-01-24,Shelter 2,108,150,33,75,42,105,148,18,87,43,0.3055555555555556,0.17142857142857143,51
2023-01-25,Shelter 2,108,141,25,83,33,116,148,17,99,32,0.23148148148148148,0.14655172413793102,42
2023-01-26,Shelter 2,106,147,27,79,41,123,149,22,101,26,0.25471698113207547,0.17886178861788618,49
2023-01-27,Shelter 2,122,140,31,91,18,117,143,17,100,26,0.2540983606557377,0.1452991452991453,48
2023-01-28,Shelter 2,113,140,36,77,27,100,141,21,79,41,0.3185840707964602,0.21,57
2023-01-29,Shelter 2,128,144,20,108,16,121,149,16,105,28,0.15625,0.1322314049586777,36
2023-01-30,Shelter 2,132,142,23,109,10,131,142,25,106,11,0.17424242424242425,0.19083969465648856,48
2023-01-31,Shelter 2,107,150,32,75,43,110,143,16,94,33,0.29906542056074764,0.14545454545454545,48
2023-02-01,Shelter 2,121,150,29,92,29,134,150,21,113,16,0.2396694214876033,0.15671641791044777,50
2023-02-02,Shelter 2,125,144,28,97,19,121,141,17,104,20,0.224,0.14049586776859505,45
2023-02-03,Shelter 2,138,146,29,109,8,131,147,19,112,16,0.21014492753623187,0.1450381679389313,48
2023-02-04,Shelter 2,106,148,29,77,42,100,145,24,76,45,0.27358490566037735,0.24,53
2023-02-05,Shelter 2,136,149,38,98,13,106,140,22,84,34,0.27941176470588236,0.20754716981132076,60
2023-02-06,Shelter 2,100,142,25,75,42,112,149,14,98,37,0.25,0.125,39
2023-02-07,Shelter 2,113,147,25,88,34,130,142,11,119,12,0.22123893805309736,0.08461538461538462,36
2023-02-08,Shelter 2,123,141,24,99,18,129,149,22,107,20,0.1951219512195122,0.17054263565891473,46
2023-02-09,Shelter 2,114,144,24,90,30,104,145,24,80,41,0.21052631578947367,0.23076923076923078,48
2023-02-10,Shelter 2,123,140,48,75,17,138,146,11,127,8,0.3902439024390244,0.07971014492753623,59
2023-02-11,Shelter 2,122,149,34,88,27,117,148,22,95,31,0.2786885245901639,0.18803418803418803,56
2023-02-12,Shelter 2,130,146,30,100,16,116,142,22,94,26,0.23076923076923078,0.1896551724137931,52
2023-02-13,Shelter 2,120,140,23,97,20,127,144,16,111,17,0.19166666666666668,0.12598425196850394,39
2023-02-14,Shelter 2,132,142,41,91,10,111,148,27,84,37,0.3106060606060606,0.24324324324324326,68
2023-02-15,Shelter 2,120,148,41,79,28,130,142,13,117,12,0.3416666666666667,0.1,54
2023-02-16,Shelter 2,106,146,39,67,40,102,143,16,86,41,0.36792452830188677,0.1568627450980392,55
2023-02-17,Shelter 2,109,149,19,90,40,137,148,27,110,11,0.1743119266055046,0.19708029197080293,46
2023-02-18,Shelter 2,133,144,35,98,11,123,146,21,102,23,0.2631578947368421,0.17073170731707318,56
2023-02-19,Shelter 2,139,149,18,121,10,109,144,16,93,35,0.12949640287769784,0.14678899082568808,34
2023-02-20,Shelter 2,137,150,27,110,13,100,149,21,79,49,0.19708029197080293,0.21,48
2023-02-21,Shelter 2,124,142,34,90,18,113,146,17,96,33,0.27419354838709675,0.1504424778761062,51
2023-02-22,Shelter 2,122,149,33,89,27,109,140,19,90,31,0.27049180327868855,0.1743119266055046,52
2023-02-23,Shelter 2,119,141,35,84,22,102,148,11,91,46,0.29411764705882354,0.10784313725490197,46
2023-02-24,Shelter 2,127,143,23,104,16,109,141,16,93,32,0.18110236220472442,0.14678899082568808,39
2023-02-25,Shelter 2,127,145,23,104,18,130,147,16,114,17,0.18110236220472442,0.12307692307692308,39
2023-02-26,Shelter 2,107,142,35,72,35,106,140,31,75,34,0.32710280373831774,0.29245283018867924,66
2023-02-27,Shelter 2,117,147,28,89,30,123,141,24,99,18,0.23931623931623933,0.1951219512195122,52
2023-02-28,Shelter 2,116,144,30,86,28,115,150,25,90,35,0.25862068965517243,0.21739130434782608,55
2023-03-01,Shelter 2,121,145,24,97,24,136,146,21,115,10,0.19834710743801653,0.15441176470588236,45
2023-03-02,Shelter 2,133,150,25,108,17,122,146,26,96,24,0.18796992481203006,0.21311475409836064,51
2023-03-03,Shelter 2,126,148,27,99,22,123,150,15,108,27,0.21428571428571427,0.12195121951219512,42
2023-03-04,Shelter 2,119,145,35,84,26,112,145,21,91,33,0.29411764705882354,0.1875,56
2023-03-05,Shelter 2,113,148,29,84,35,139,140,8,131,1,0.25663716814159293,0.05755395683453238,37
2023-03-06,Shelter 2,128,147,33,95,19,102,140,19,83,38,0.2578125,0.18627450980392157,52
2023-03-07,Shelter 2,113,145,26,87,32,110,141,26,84,31,0.23008849557522124,0.23636363636363636,52
2023-03-08,Shelter 2,121,143,33,88,22,117,146,19,98,29,0.2727272727272727,0.1623931623931624,52
2023-03-09,Shelter 2,121,148,32,89,27,114,150,18,96,36,0.2644628099173554,0.15789473684210525,50
2023-03-10,Shelter 2,137,144,25,112,7,114,149,16,98,35,0.18248175182481752,0.14035087719298245,41
2023-03-11,Shelter 2,118,148,37,81,30,118,147,16,102,29,0.3135593220338983,0.13559322033898305,53
2023-03-12,Shelter 2,136,150,27,109,14,131,148,24,107,17,0.19852941176470587,0.183206106870229,51
2023-03-13,Shelter 2,123,147,21,102,24,138,144,23,115,6,0.17073170731707318,0.16666666666666666,44
2023-03-14,Shelter 2,131,146,26,105,15,139,147,17,122,8,0.1984732824427481,0.1223021582733813,43
2023-03-15,Shelter 2,133,149,20,113,16,103,145,18,85,42,0.15037593984962405,0.17475728155339806,38
2023-03-16,Shelter 2,100,142,36,64,42,115,147,23,92,32,0.36,0.2,59
2023-03-17,Shelter 2,130,149,35,95,19,113,144,13,100,31,0.2692307692307692,0.11504424778761062,48
2023-03-18,Shelter 2,111,143,30,81,32,132,141,21,111,9,0.2702702702702703,0.1590909090909091,51
2023-03-19,Shelter 2,138,142,27,111,4,111,147,15,96,36,0.1956521739130435,0.13513513513513514,42
2023-03-20,Shelter 2,110,147,35,75,37,125,144,20,105,19,0.3181818181818182,0.16,55
2023-03-21,Shelter 2,109,140,34,75,31,120,144,22,98,24,0.3119266055045872,0.18333333333333332,56
2023-03-22,Shelter 2,104,149,32,72,45,105,146,18,87,41,0.3076923076923077,0.17142857142857143,50
2023-03-23,Shelter 2,121,149,32,89,28,103,144,22,81,41,0.2644628099173554,0.21359223300970873,54
2023-03-24,Shelter 2,112,142,29,83,30,101,142,15,86,41,0.25892857142857145,0.1485148514851485,44
2023-03-25,Shelter 2,101,142,17,84,41,109,149,17,92,40,0.16831683168316833,0.1559633027522936,34
2023-03-26,Shelter 2,132,150,26,106,18,105,144,20,85,39,0.19696969696969696,0.19047619047619047,46
2023-03-27,Shelter 2,113,144,30,83,31,122,148,16,106,26,0.26548672566371684,0.13114754098360656,46
2023-03-28,Shelter 2,139,146,28,111,7,114,140,20,94,26,0.2014388489208633,0.17543859649122806,48
2023-03-29,Shelter 2,109,144,31,78,35,136,149,20,116,13,0.28440366972477066,0.14705882352941177,51
2023-03-30,Shelter 2,134,150,35,99,16,139,141,19,120,2,0.26119402985074625,0.1366906474820144,54
2023-03-31,Shelter 2,114,142,32,82,28,117,140,21,96,23,0.2807017543859649,0.1794871794871795,53
2023-04-01,Shelter 2,117,144,32,85,27,133,140,14,119,7,0.27350427350427353,0.10526315789473684,46
2023-04-02,Shelter 2,102,143,34,68,41,126,140,17,109,14,0.3333333333333333,0.1349206349206349,51
2023-04-03,Shelter 2,112,149,28,84,37,104,149,21,83,45,0.25,0.20192307692307693,49
2023-04-04,Shelter 2,109,145,29,80,36,122,149,15,107,27,0.26605504587155965,0.12295081967213115,44
2023-04-05,Shelter 2,120,140,26,94,20,104,144,19,85,40,0.21666666666666667,0.18269230769230768,45
2023-04-06,Shelter 2,101,150,26,75,49,116,149,25,91,33,0.25742574257425743,0.21551724137931033,51
2023-04-07,Shelter 2,105,141,34,71,36,106,147,15,91,41,0.3238095238095238,0.14150943396226415,49
2023-04-08,Shelter 2,135,148,28,107,13,107,150,33,74,43,0.2074074074074074,0.308411214953271,61
2023-04-09,Shelter 2,101,148,37,64,47,126,146,22,104,20,0.36633663366336633,0.1746031746031746,59
2023-04-10,Shelter 2,110,147,20,90,37,136,148,18,118,12,0.18181818181818182,0.1323529411764706,38
2023-04-11,Shelter 2,106,140,30,76,34,133,148,20,113,15,0.2830188679245283,0.15037593984962405,50
2023-04-12,Shelter 2,132,150,32,100,18,103,141,19,84,38,0.24242424242424243,0.18446601941747573,51
2023-04-13,Shelter 2,111,141,31,80,30,115,142,31,84,27,0.27927927927927926,0.26956521739130435,62
2023-04-14,Shelter 2,102,140,30,72,38,125,144,16,109,19,0.29411764705882354,0.128,46
2023-04-15,Shelter 2,115,150,26,89,35,113,147,30,83,34,0.22608695652173913,0.26548672566371684,56
2023-04-16,Shelter 2,133,144,34,99,11,124,140,22,102,16,0.2556390977443609,0.1774193548387097,56
2023-04-17,Shelter 2,102,148,25,77,46,119,140,17,102,21,0.24509803921568626,0.14285714285714285,42
2023-04-18,Shelter 2,122,148,32,90,26,103,140,20,83,37,0.26229508196721313,0.1941747572815534,52
2023-04-19,Shelter 2,130,143,36,94,13,114,148,14,100,34,0.27692307692307694,0.12280701754385964,50
2023-04-20,Shelter 2,131,142,25,106,11,117,144,17,100,27,0.19083969465648856,0.1452991452991453,42
2023-04-21,Shelter 2,107,150,30,77,43,138,144,11,127,6,0.2803738317757009,0.07971014492753623,41
2023-04-22,Shelter 2,106,146,25,81,40,121,147,15,106,26,0.2358490566037736,0.12396694214876033,40
2023-04-23,Shelter 2,132,141,23,109,9,107,147,23,84,40,0.17424242424242425,0.21495327102803738,46
2023-04-24,Shelter 2,100,150,36,64,50,131,141,23,108,10,0.36,0.17557251908396945,59
2023-04-25,Shelter 2,135,143,33,102,8,130,141,25,105,11,0.24444444444444444,0.19230769230769232,58
2023-04-26,Shelter 2,116,142,23,93,26,112,144,25,87,32,0.19827586206896552,0.22321428571428573,48
2023-04-27,Shelter 2,136,143,36,100,7,100,148,13,87,48,0.2647058823529412,0.13,49
2023-04-28,Shelter 2,116,141,29,87,25,118,140,16,102,22,0.25,0.13559322033898305,45
2023-04-29,Shelter 2,129,147,24,105,18,109,149,24,85,40,0.18604651162790697,0.22018348623853212,48
2023-04-30,Shelter 2,136,147,37,99,11,139,149,28,111,10,0.27205882352941174,0.2014388489208633,65
2023-05-01,Shelter 2,115,150,27,88,35,107,146,19,88,39,0.23478260869565218,0.17757009345794392,46
2023-05-02,Shelter 2,100,141,34,66,41,108,143,21,87,35,0.34,0.19444444444444445,55
2023-05-03,Shelter 2,135,148,25,110,13,103,145,19,84,42,0.18518518518518517,0.18446601941747573,44
2023-05-04,Shelter 2,105,146,32,73,41,131,140,13,118,9,0.3047619047619048,0.09923664122137404,45
2023-05-05,Shelter 2,130,148,30,100,18,135,146,19,116,11,0.23076923076923078,0.14074074074074075,49
2023-05-06,Shelter 2,107,147,38,69,40,114,146,19,95,32,0.35514018691588783,0.16666666666666666,57
2023-05-07,Shelter 2,112,146,32,80,34,128,144,18,110,16,0.2857142857142857,0.140625,50
2023-05-08,Shelter 2,131,147,34,97,16,117,141,21,96,24,0.2595419847328244,0.1794871794871795,55
2023-05-09,Shelter 2,108,150,31,77,42,103,145,23,80,42,0.28703703703703703,0.22330097087378642,54
2023-05-10,Shelter 2,133,146,30,103,13,113,145,13,100,32,0.22556390977443608,0.11504424778761062,43
2023-05-11,Shelter 2,134,140,30,104,6,101,149,21,80,48,0.22388059701492538,0.2079207920792079,51
2023-05-12,Shelter 2,130,143,42,88,13,100,147,23,77,47,0.3230769230769231,0.23,65
2023-05-13,Shelter 2,127,150,30,97,23,128,147,18,110,19,0.23622047244094488,0.140625,48
2023-05-14,Shelter 2,117,150,30,87,33,125,146,16,109,21,0.2564102564102564,0.128,46
2023-05-15,Shelter 2,104,144,24,80,40,132,145,18,114,13,0.23076923076923078,0.13636363636363635,42
2023-05-16,Shelter 2,111,149,21,90,38,126,142,26,100,16,0.1891891891891892,0.20634920634920634,47
2023-05-17,Shelter 2,106,141,39,67,35,105,144,21,84,39,0.36792452830188677,0.2,60
2023-05-18,Shelter 2,109,146,25,84,37,114,149,18,96,35,0.22935779816513763,0.15789473684210525,43
2023-05-19,Shelter 2,135,141,31,104,6,117,142,12,105,25,0.22962962962962963,0.10256410256410256,43
2023-05-20,Shelter 2,140,147,21,119,7,128,146,23,105,18,0.15,0.1796875,44
2023-05-21,Shelter 2,106,141,32,74,35,104,141,15,89,37,0.3018867924528302,0.14423076923076922,47
2023-05-22,Shelter 2,122,143,28,94,21,107,150,15,92,43,0.22950819672131148,0.14018691588785046,43
2023-05-23,Shelter 2,117,140,32,85,23,105,141,17,88,36,0.27350427350427353,0.1619047619047619,49
2023-05-24,Shelter 2,111,140,37,74,29,117,140,19,98,23,0.3333333333333333,0.1623931623931624,56
2023-05-25,Shelter 2,137,148,35,102,11,103,140,18,85,37,0.25547445255474455,0.17475728155339806,53
2023-05-26,Shelter 2,134,140,35,99,6,124,148,18,106,24,0.26119402985074625,0.14516129032258066,53
2023-05-27,Shelter 2,126,146,33,93,20,114,144,24,90,30,0.2619047619047619,0.21052631578947367,57
2023-05-28,Shelter 2,134,149,31,103,15,105,143,26,79,38,0.23134328358208955,0.24761904761904763,57
2023-05-29,Shelter 2,131,141,22,109,10,132,150,24,108,18,0.16793893129770993,0.18181818181818182,46
2023-05-30,Shelter 2,110,140,25,85,30,101,143,28,73,42,0.22727272727272727,0.27722772277227725,53
2023-05-31,Shelter 2,132,142,31,101,10,120,146,20,100,26,0.23484848484848486,0.16666666666666666,51
2023-06-01,Shelter 2,124,143,38,86,19,120,146,20,100,26,0.3064516129032258,0.16666666666666666,58
2023-06-02,Shelter 2,126,141,33,93,15,139,141,22,117,2,0.2619047619047619,0.15827338129496402,55
2023-06-03,Shelter 2,102,145,26,76,43,122,140,23,99,18,0.2549019607843137,0.1885245901639344,49
2023-06-04,Shelter 2,131,143,37,94,12,116,149,22,94,33,0.2824427480916031,0.1896551724137931,59
2023-06-05,Shelter 2,125,144,30,95,19,106,143,20,86,37,0.24,0.18867924528301888,50
2023-06-06,Shelter 2,117,145,21,96,28,123,150,22,101,27,0.1794871794871795,0.17886178861788618,43
2023-06-07,Shelter 2,117,142,30,87,25,117,149,16,101,32,0.2564102564102564,0.13675213675213677,46
2023-06-08,Shelter 2,103,140,35,68,37,127,150,26,101,23,0.33980582524271846,0.2047244094488189,61
2023-06-09,Shelter 2,123,146,28,95,23,103,146,14,89,43,0.22764227642276422,0.13592233009708737,42
2023-06-10,Shelter 2,130,150,27,103,20,122,149,26,96,27,0.2076923076923077,0.21311475409836064,53
2023-06-11,Shelter 2,103,140,37,66,37,111,143,20,91,32,0.3592233009708738,0.18018018018018017,57
2023-06-12,Shelter 2,138,146,26,112,8,129,141,23,106,12,0.18840579710144928,0.17829457364341086,49
2023-06-13,Shelter 2,136,143,39,97,7,107,143,26,81,36,0.2867647058823529,0.24299065420560748,65
2023-06-14,Shelter 2,123,143,31,92,20,110,143,27,83,33,0.25203252032520324,0.24545454545454545,58
2023-06-15,Shelter 2,102,148,36,66,46,113,141,15,98,28,0.35294117647058826,0.13274336283185842,51
2023-06-16,Shelter 2,130,150,42,88,20,102,146,19,83,44,0.3230769230769231,0.18627450980392157,61
2023-06-17,Shelter 2,110,147,27,83,37,104,142,15,89,38,0.24545454545454545,0.14423076923076922,42
2023-06-18,Shelter 2,104,144,30,74,40,105,140,20,85,35,0.28846153846153844,0.19047619047619047,50
2023-06-19,Shelter 2,130,141,33,97,11,138,144,26,112,6,0.25384615384615383,0.18840579710144928,59
2023-06-20,Shelter 2,118,146,27,91,28,101,141,23,78,40,0.2288135593220339,0.22772277227722773,50
2023-06-21,Shelter 2,129,145,23,106,16,101,149,21,80,48,0.17829457364341086,0.2079207920792079,44
2023-06-22,Shelter 2,127,146,30,97,19,136,143,26,110,7,0.23622047244094488,0.19117647058823528,56
2023-06-23,Shelter 2,135,142,32,103,7,106,149,18,88,43,0.23703703703703705,0.16981132075471697,50
2023-06-24,Shelter 2,113,144,19,94,31,100,141,20,80,41,0.168141592920354,0.2,39
2023-06-25,Shelter 2,130,145,26,104,15,115,143,16,99,28,0.2,0.1391304347826087,42
2023-06-26,Shelter 2,112,140,33,79,28,131,143,21,110,12,0.29464285714285715,0.16030534351145037,54
2023-06-27,Shelter 2,102,149,26,76,47,107,142,18,89,35,0.2549019607843137,0.16822429906542055,44
2023-06-28,Shelter 2,124,142,27,97,18,119,148,25,94,29,0.21774193548387097,0.21008403361344538,52
2023-06-29,Shelter 2,109,149,33,76,40,106,145,25,81,39,0.30275229357798167,0.2358490566037736,58
2023-06-30,Shelter 2,110,147,26,84,37,132,142,20,112,10,0.23636363636363636,0.15151515151515152,46
2023-07-01,Shelter 2,116,141,27,89,25,127,148,19,108,21,0.23275862068965517,0.14960629921259844,46
2023-07-02,Shelter 2,106,147,31,75,41,125,140,29,96,15,0.29245283018867924,0.232,60
2023-07-03,Shelter 2,126,150,33,93,24,109,142,20,89,33,0.2619047619047619,0.1834862385321101,53
2023-07-04,Shelter 2,127,143,20,107,16,108,150,19,89,42,0.15748031496062992,0.17592592592592593,39
2023-07-05,Shelter 2,102,148,39,63,46,131,149,20,111,18,0.38235294117647056,0.15267175572519084,59
2023-07-06,Shelter 2,122,146,23,99,24,107,142,15,92,35,0.1885245901639344,0.14018691588785046,38
2023-07-07,Shelter 2,124,144,28,96,20,136,145,23,113,9,0.22580645161290322,0.16911764705882354,51
2023-07-08,Shelter 2,132,147,37,95,15,125,140,23,102,15,0.2803030303030303,0.184,60
2023-07-09,Shelter 2,102,142,27,75,40,119,149,23,96,30,0.2647058823529412,0.19327731092436976,50
2023-07-10,Shelter 2,114,143,26,88,29,113,141,18,95,28,0.22807017543859648,0.1592920353982301,44
2023-07-11,Shelter 2,124,144,41,83,20,101,150,22,79,49,0.33064516129032256,0.21782178217821782,63
2023-07-12,Shelter 2,101,144,36,65,43,111,149,18,93,38,0.3564356435643564,0.16216216216216217,54
2023-07-13,Shelter 2,131,144,30,101,13,102,143,21,81,41,0.22900763358778625,0.20588235294117646,51
2023-07-14,Shelter 2,111,143,30,81,32,138,150,23,115,12,0.2702702702702703,0.16666666666666666,53
2023-07-15,Shelter 2,129,143,30,99,14,103,144,24,79,41,0.23255813953488372,0.23300970873786409,54
2023-07-16,Shelter 2,117,143,29,88,26,119,149,21,98,30,0.24786324786324787,0.17647058823529413,50
2023-07-17,Shelter 2,139,150,31,108,11,136,150,26,110,14,0.22302158273381295,0.19117647058823528,57
2023-07-18,Shelter 2,124,142,29,95,18,135,140,29,106,5,0.23387096774193547,0.21481481481481482,58
2023-07-19,Shelter 2,103,150,33,70,47,118,147,19,99,29,0.32038834951456313,0.16101694915254236,52
2023-07-20,Shelter 2,134,145,29,105,11,107,145,24,83,38,0.21641791044776118,0.22429906542056074,53
2023-07-21,Shelter 2,104,141,38,66,37,119,144,22,97,25,0.36538461538461536,0.18487394957983194,60
2023-07-22,Shelter 2,123,141,31,92,18,116,147,17,99,31,0.25203252032520324,0.14655172413793102,48
2023-07-23,Shelter 2,124,144,31,93,20,138,149,25,113,11,0.25,0.18115942028985507,56
2023-07-24,Shelter 2,126,143,25,101,17,125,142,24,101,17,0.1984126984126984,0.192,49
2023-07-25,Shelter 2,112,144,25,87,32,138,150,20,118,12,0.22321428571428573,0.14492753623188406,45
2023-07-26,Shelter 2,120,145,39,81,25,124,150,15,109,26,0.325,0.12096774193548387,54
2023-07-27,Shelter 2,124,148,25,99,24,112,140,15,97,28,0.20161290322580644,0.13392857142857142,40
2023-07-28,Shelter 2,128,146,31,97,18,121,144,17,104,23,0.2421875,0.14049586776859505,48
2023-07-29,Shelter 2,113,146,29,84,33,105,142,34,71,37,0.25663716814159293,0.3238095238095238,63
2023-07-30,Shelter 2,128,144,37,91,16,122,150,18,104,28,0.2890625,0.14754098360655737,55
2023-07-31,Shelter 2,134,150,24,110,16,123,144,22,101,21,0.1791044776119403,0.17886178861788618,46
2023-08-01,Shelter 2,113,143,32,81,30,108,147,23,85,39,0.2831858407079646,0.21296296296296297,55
2023-08-02,Shelter 2,108,144,35,73,36,132,146,17,115,14,0.32407407407407407,0.12878787878787878,52
2023-08-03,Shelter 2,121,141,33,88,20,128,149,25,103,21,0.2727272727272727,0.1953125,58
2023-08-04,Shelter 2,109,143,32,77,34,137,141,27,110,4,0.29357798165137616,0.19708029197080293,59
2023-08-05,Shelter 2,135,144,34,101,9,136,150,18,118,14,0.2518518518518518,0.1323529411764706,52
2023-08-06,Shelter 2,106,145,37,69,39,134,142,14,120,8,0.3490566037735849,0.1044776119402985,51
2023-08-07,Shelter 2,136,143,33,103,7,130,149,22,108,19,0.2426470588235294,0.16923076923076924,55
2023-08-08,Shelter 2,116,149,30,86,33,117,147,24,93,30,0.25862068965517243,0.20512820512820512,54
2023-08-09,Shelter 2,138,140,30,108,2,112,147,20,92,35,0.21739130434782608,0.17857142857142858,50
2023-08-10,Shelter 2,109,142,33,76,33,107,144,15,92,37,0.30275229357798167,0.14018691588785046,48
2023-08-11,Shelter 2,139,147,31,108,8,137,145,18,119,8,0.22302158273381295,0.13138686131386862,49
2023-08-12,Shelter 2,124,144,37,87,20,101,144,22,79,43,0.29838709677419356,0.21782178217821782,59
2023-08-13,Shelter 2,116,144,21,95,28,119,149,21,98,30,0.1810344827586207,0.17647058823529413,42
2023-08-14,Shelter 2,101,148,28,73,47,104,149,20,84,45,0.27722772277227725,0.19230769230769232,48
2023-08-15,Shelter 2,121,146,24,97,25,138,142,22,116,4,0.19834710743801653,0.15942028985507245,46
2023-08-16,Shelter 2,121,140,30,91,19,126,143,31,95,17,0.24793388429752067,0.24603174603174602,61
2023-08-17,Shelter 2,104,149,38,66,45,118,148,22,96,30,0.36538461538461536,0.1864406779661017,60
2023-08-18,Shelter 2,134,149,23,111,15,133,144,19,114,11,0.17164179104477612,0.14285714285714285,42
2023-08-19,Shelter 2,123,146,23,100,23,104,148,35,69,44,0.18699186991869918,0.33653846153846156,58
2023-08-20,Shelter 2,139,150,32,107,11,120,141,16,104,21,0.2302158273381295,0.13333333333333333,48
2023-08-21,Shelter 2,138,144,39,99,6,135,150,12,123,15,0.2826086956521739,0.08888888888888889,51
2023-08-22,Shelter 2,106,145,32,74,39,110,146,24,86,36,0.3018867924528302,0.21818181818181817,56
2023-08-23,Shelter 2,123,148,53,70,25,137,140,22,115,3,0.43089430894308944,0.16058394160583941,75
2023-08-24,Shelter 2,123,148,42,81,25,128,149,15,113,21,0.34146341463414637,0.1171875,57
2023-08-25,Shelter 2,127,140,33,94,13,138,143,22,116,5,0.25984251968503935,0.15942028985507245,55
2023-08-26,Shelter 2,136,146,35,101,10,133,144,23,110,11,0.25735294117647056,0.17293233082706766,58
2023-08-27,Shelter 2,105,143,24,81,38,125,148,13,112,23,0.22857142857142856,0.104,37
2023-08-28,Shelter 2,120,141,20,100,21,123,148,14,109,25,0.16666666666666666,0.11382113821138211,34
2023-08-29,Shelter 2,122,144,24,98,22,129,149,20,109,20,0.19672131147540983,0.15503875968992248,44
2023-08-30,Shelter 2,117,145,29,88,28,126,143,17,109,17,0.24786324786324787,0.1349206349206349,46
2023-08-31,Shelter 2,111,150,29,82,39,133,150,19,114,17,0.26126126126126126,0.14285714285714285,48
2023-09-01,Shelter 2,134,140,32,102,6,127,140,19,108,13,0.23880597014925373,0.14960629921259844,51
2023-09-02,Shelter 2,104,149,33,71,45,139,147,13,126,8,0.3173076923076923,0.09352517985611511,46
2023-09-03,Shelter 2,122,144,25,97,22,100,140,27,73,40,0.20491803278688525,0.27,52
2023-09-04,Shelter 2,110,148,14,96,38,117,142,16,101,25,0.12727272727272726,0.13675213675213677,30
2023-09-05,Shelter 2,112,141,30,82,29,122,149,16,106,27,0.26785714285714285,0.13114754098360656,46
2023-09-06,Shelter 2,111,145,25,86,34,104,149,20,84,45,0.22522522522522523,0.19230769230769232,45
2023-09-07,Shelter 2,133,149,29,104,16,122,141,21,101,19,0.21804511278195488,0.1721311475409836,50
2023-09-08,Shelter 2,129,141,28,101,12,114,143,9,105,29,0.21705426356589147,0.07894736842105263,37
2023-09-09,Shelter 2,120,149,25,95,29,124,142,19,105,18,0.20833333333333334,0.1532258064516129,44
2023-09-10,Shelter 2,128,149,17,111,21,131,145,17,114,14,0.1328125,0.1297709923664122,34
2023-09-11,Shelter 2,127,146,28,99,19,122,142,11,111,20,0.2204724409448819,0.09016393442622951,39
2023-09-12,Shelter 2,103,147,33,70,44,109,150,17,92,41,0.32038834951456313,0.1559633027522936,50
2023-09-13,Shelter 2,123,149,27,96,26,100,150,23,77,50,0.21951219512195122,0.23,50
2023-09-14,Shelter 2,116,146,31,85,30,111,148,20,91,37,0.2672413793103448,0.18018018018018017,51
2023-09-15,Shelter 2,108,150,38,70,42,111,147,17,94,36,0.35185185185185186,0.15315315315315314,55
2023-09-16,Shelter 2,114,146,35,79,32,108,140,20,88,32,0.30701754385964913,0.18518518518518517,55
2023-09-17,Shelter 2,127,144,29,98,17,135,148,23,112,13,0.2283464566929134,0.17037037037037037,52
2023-09-18,Shelter 2,106,150,35,71,44,105,150,25,80,45,0.330188679245283,0.23809523809523808,60
2023-09-19,Shelter 2,136,141,28,108,5,131,148,15,116,17,0.20588235294117646,0.11450381679389313,43
2023-09-20,Shelter 2,117,146,29,88,29,130,147,21,109,17,0.24786324786324787,0.16153846153846155,50
2023-09-21,Shelter 2,132,148,34,98,16,115,147,28,87,32,0.25757575757575757,0.24347826086956523,62
2023-09-22,Shelter 2,127,142,22,105,15,124,141,19,105,17,0.1732283464566929,0.1532258064516129,41
2023-09-23,Shelter 2,110,145,32,78,35,112,140,17,95,28,0.2909090909090909,0.15178571428571427,49
2023-09-24,Shelter 2,112,143,34,78,31,125,146,26,99,21,0.30357142857142855,0.208,60
2023-09-25,Shelter 2,107,140,25,82,33,135,147,13,122,12,0.2336448598130841,0.0962962962962963,38
2023-09-26,Shelter 2,113,148,34,79,35,130,147,18,112,17,0.3008849557522124,0.13846153846153847,52
2023-09-27,Shelter 2,103,144,35,68,41,105,140,23,82,35,0.33980582524271846,0.21904761904761905,58
2023-09-28,Shelter 2,133,144,25,108,11,122,142,21,101,20,0.18796992481203006,0.1721311475409836,46
2023-09-29,Shelter 2,127,144,25,102,17,111,143,25,86,32,0.1968503937007874,0.22522522522522523,50
2023-09-30,Shelter 2,110,140,29,81,30,106,148,22,84,42,0.2636363636363636,0.20754716981132076,51
2023-10-01,Shelter 2,101,144,25,76,43,139,147,28,111,8,0.24752475247524752,0.2014388489208633,53
2023-10-02,Shelter 2,103,143,27,76,40,110,149,18,92,39,0.2621359223300971,0.16363636363636364,45
2023-10-03,Shelter 2,116,142,24,92,26,117,147,13,104,30,0.20689655172413793,0.1111111111111111,37
2023-10-04,Shelter 2,137,144,39,98,7,114,144,20,94,30,0.2846715328467153,0.17543859649122806,59
2023-10-05,Shelter 2,119,146,30,89,27,103,146,14,89,43,0.25210084033613445,0.13592233009708737,44
2023-10-06,Shelter 2,131,148,28,103,17,136,142,23,113,6,0.21374045801526717,0.16911764705882354,51
2023-10-07,Shelter 2,115,142,38,77,27,127,140,21,106,13,0.33043478260869563,0.16535433070866143,59
2023-10-08,Shelter 2,108,143,29,79,35,112,150,23,89,38,0.26851851851851855,0.20535714285714285,52
2023-10-09,Shelter 2,108,140,23,85,32,140,150,23,117,10,0.21296296296296297,0.16428571428571428,46
2023-10-10,Shelter 2,109,143,28,81,34,118,142,22,96,24,0.25688073394495414,0.1864406779661017,50
2023-10-11,Shelter 2,131,142,31,100,11,125,144,17,108,19,0.2366412213740458,0.136,48
2023-10-12,Shelter 2,120,144,24,96,24,129,149,17,112,20,0.2,0.13178294573643412,41
2023-10-13,Shelter 2,134,146,28,106,12,106,144,15,91,38,0.208955223880597,0.14150943396226415,43
2023-10-14,Shelter 2,118,143,34,84,25,128,144,18,110,16,0.288135593220339,0.140625,52
2023-10-15,Shelter 2,138,148,24,114,10,129,145,21,108,16,0.17391304347826086,0.16279069767441862,45
2023-10-16,Shelter 2,114,150,24,90,36,116,147,19,97,31,0.21052631578947367,0.16379310344827586,43
2023-10-17,Shelter 2,103,150,23,80,47,121,149,31,90,28,0.22330097087378642,0.256198347107438,54
2023-10-18,Shelter 2,117,145,32,85,28,111,148,26,85,37,0.27350427350427353,0.23423423423423423,58
2023-10-19,Shelter 2,134,149,30,104,15,113,141,20,93,28,0.22388059701492538,0.17699115044247787,50
2023-10-20,Shelter 2,105,144,30,75,39,130,149,24,106,19,0.2857142857142857,0.18461538461538463,54
2023-10-21,Shelter 2,131,144,24,107,13,132,142,28,104,10,0.183206106870229,0.21212121212121213,52
2023-10-22,Shelter 2,106,141,32,74,35,114,148,20,94,34,0.3018867924528302,0.17543859649122806,52
2023-10-23,Shelter 2,112,147,29,83,35,106,150,25,81,44,0.25892857142857145,0.2358490566037736,54
2023-10-24,Shelter 2,136,145,25,111,9,128,141,26,102,13,0.18382352941176472,0.203125,51
2023-10-25,Shelter 2,134,145,27,107,11,113,147,15,98,34,0.20149253731343283,0.13274336283185842,42
2023-10-26,Shelter 2,102,143,24,78,41,126,143,21,105,17,0.23529411764705882,0.16666666666666666,45
2023-10-27,Shelter 2,127,149,40,87,22,117,144,22,95,27,0.31496062992125984,0.18803418803418803,62
2023-10-28,Shelter 2,131,146,38,93,15,100,150,23,77,50,0.2900763358778626,0.23,61
2023-10-29,Shelter 2,100,143,32,68,43,102,144,19,83,42,0.32,0.18627450980392157,51
2023-10-30,Shelter 2,113,146,32,81,33,140,147,15,125,7,0.2831858407079646,0.10714285714285714,47
2023-10-31,Shelter 2,109,140,32,77,31,105,150,18,87,45,0.29357798165137616,0.17142857142857143,50
2023-11-01,Shelter 2,131,148,31,100,17,115,140,23,92,25,0.2366412213740458,0.2,54
2023-11-02,Shelter 2,136,140,29,107,4,127,145,14,113,18,0.21323529411764705,0.11023622047244094,43
2023-11-03,Shelter 2,126,144,30,96,18,111,148,17,94,37,0.23809523809523808,0.15315315315315314,47
2023-11-04,Shelter 2,105,147,36,69,42,105,140,21,84,35,0.34285714285714286,0.2,57
2023-11-05,Shelter 2,128,141,26,102,13,133,142,20,113,9,0.203125,0.15037593984962405,46
2023-11-06,Shelter 2,126,149,31,95,23,110,144,18,92,34,0.24603174603174602,0.16363636363636364,49
2023-11-07,Shelter 2,120,150,29,91,30,116,143,24,92,27,0.24166666666666667,0.20689655172413793,53
2023-11-08,Shelter 2,130,150,36,94,20,133,145,25,108,12,0.27692307692307694,0.18796992481203006,61
2023-11-09,Shelter 2,136,144,28,108,8,116,149,26,90,33,0.20588235294117646,0.22413793103448276,54
2023-11-10,Shelter 2,136,149,30,106,13,126,148,16,110,22,0.22058823529411764,0.12698412698412698,46
2023-11-11,Shelter 2,132,148,43,89,16,115,141,28,87,26,0.32575757575757575,0.24347826086956523,71
2023-11-12,Shelter 2,116,143,21,95,27,101,146,16,85,45,0.1810344827586207,0.15841584158415842,37
2023-11-13,Shelter 2,101,149,25,76,48,131,147,11,120,16,0.24752475247524752,0.08396946564885496,36
2023-11-14,Shelter 2,132,144,38,94,12,138,146,23,115,8,0.2878787878787879,0.16666666666666666,61
2023-11-15,Shelter 2,130,150,29,101,20,125,147,19,106,22,0.2230769230769231,0.152,48
2023-11-16,Shelter 2,114,140,24,90,26,136,147,16,120,11,0.21052631578947367,0.11764705882352941,40
2023-11-17,Shelter 2,134,149,25,109,15,103,146,20,83,43,0.1865671641791045,0.1941747572815534,45
2023-11-18,Shelter 2,128,143,29,99,15,121,143,21,100,22,0.2265625,0.17355371900826447,50
2023-11-19,Shelter 2,112,147,35,77,35,100,140,20,80,40,0.3125,0.2,55
2023-11-20,Shelter 2,140,147,31,109,7,102,150,14,88,48,0.22142857142857142,0.13725490196078433,45
2023-11-21,Shelter 2,110,142,30,80,32,113,148,21,92,35,0.2727272727272727,0.18584070796460178,51
2023-11-22,Shelter 2,138,146,28,110,8,123,140,19,104,17,0.2028985507246377,0.15447154471544716,47
2023-11-23,Shelter 2,139,142,31,108,3,132,149,18,114,17,0.22302158273381295,0.13636363636363635,49
2023-11-24,Shelter 2,113,140,21,92,27,129,147,19,110,18,0.18584070796460178,0.14728682170542637,40
2023-11-25,Shelter 2,116,150,36,80,34,131,148,15,116,17,0.3103448275862069,0.11450381679389313,51
2023-11-26,Shelter 2,114,146,32,82,32,125,142,23,102,17,0.2807017543859649,0.184,55
2023-11-27,Shelter 2,138,141,35,103,3,127,144,21,106,17,0.2536231884057971,0.16535433070866143,56
2023-11-28,Shelter 2,132,140,33,99,8,113,149,14,99,36,0.25,0.12389380530973451,47
2023-11-29,Shelter 2,125,140,32,93,15,100,145,17,83,45,0.256,0.17,49
2023-11-30,Shelter 2,119,145,25,94,26,133,148,23,110,15,0.21008403361344538,0.17293233082706766,48
2023-12-01,Shelter 2,136,146,39,97,10,129,141,17,112,12,0.2867647058823529,0.13178294573643412,56
2023-12-02,Shelter 2,100,144,35,65,44,138,141,15,123,3,0.35,0.10869565217391304,50
2023-12-03,Shelter 2,121,150,30,91,29,128,149,17,111,21,0.24793388429752067,0.1328125,47
2023-12-04,Shelter 2,140,143,26,114,3,108,149,24,84,41,0.18571428571428572,0.2222222222222222,50
2023-12-05,Shelter 2,111,142,25,86,31,121,147,24,97,26,0.22522522522522523,0.19834710743801653,49
2023-12-06,Shelter 2,115,140,35,80,25,136,143,18,118,7,0.30434782608695654,0.1323529411764706,53
2023-12-07,Shelter 2,140,148,28,112,8,106,142,19,87,36,0.2,0.1792452830188679,47
2023-12-08,Shelter 2,134,143,34,100,9,136,148,22,114,12,0.2537313432835821,0.16176470588235295,56
2023-12-09,Shelter 2,102,144,35,67,42,117,147,20,97,30,0.3431372549019608,0.17094017094017094,55
2023-12-10,Shelter 2,124,141,26,98,17,117,144,24,93,27,0.20967741935483872,0.20512820512820512,50
2023-12-11,Shelter 2,106,147,34,72,41,100,145,22,78,45,0.32075471698113206,0.22,56
2023-12-12,Shelter 2,100,142,32,68,42,115,149,20,95,34,0.32,0.17391304347826086,52
2023-12-13,Shelter 2,107,146,26,81,39,122,143,18,104,21,0.24299065420560748,0.14754098360655737,44
2023-12-14,Shelter 2,129,150,36,93,21,121,144,20,101,23,0.27906976744186046,0.1652892561983471,56
2023-12-15,Shelter 2,132,141,32,100,9,140,140,24,116,0,0.24242424242424243,0.17142857142857143,56
2023-12-16,Shelter 2,110,140,30,80,30,127,150,29,98,23,0.2727272727272727,0.2283464566929134,59
2023-12-17,Shelter 2,136,140,21,115,4,138,142,21,117,4,0.15441176470588236,0.15217391304347827,42
2023-12-18,Shelter 2,114,145,21,93,31,119,146,18,101,27,0.18421052631578946,0.15126050420168066,39
2023-12-19,Shelter 2,108,143,28,80,35,117,141,25,92,24,0.25925925925925924,0.21367521367521367,53
2023-12-20,Shelter 2,131,150,28,103,19,119,146,20,99,27,0.21374045801526717,0.16806722689075632,48
2023-12-21,Shelter 2,128,140,27,101,12,125,140,22,103,15,0.2109375,0.176,49
2023-12-22,Shelter 2,112,144,31,81,32,124,150,17,107,26,0.2767857142857143,0.13709677419354838,48
2023-12-23,Shelter 2,132,148,29,103,16,129,140,21,108,11,0.2196969696969697,0.16279069767441862,50
2023-12-24,Shelter 2,103,149,20,83,46,106,148,14,92,42,0.1941747572815534,0.1320754716981132,34
2023-12-25,Shelter 2,121,142,32,89,21,130,145,14,116,15,0.2644628099173554,0.1076923076923077,46
2023-12-26,Shelter 2,101,143,28,73,42,128,142,20,108,14,0.27722772277227725,0.15625,48
2023-12-27,Shelter 2,120,144,27,93,24,112,140,17,95,28,0.225,0.15178571428571427,44
2023-12-28,Shelter 2,117,150,23,94,33,119,146,20,99,27,0.19658119658119658,0.16806722689075632,43
2023-12-29,Shelter 2,116,142,27,89,26,105,141,13,92,36,0.23275862068965517,0.12380952380952381,40
2023-12-30,Shelter 2,108,143,28,80,35,123,141,15,108,18,0.25925925925925924,0.12195121951219512,43
2023-12-31,Shelter 2,138,141,25,113,3,140,141,17,123,1,0.18115942028985507,0.12142857142857143,42
2023-01-01,Shelter 3,101,150,27,74,49,102,146,14,88,44,0.26732673267326734,0.13725490196078433,41
2023-01-02,Shelter 3,133,149,31,102,16,105,145,14,91,40,0.23308270676691728,0.13333333333333333,45
2023-01-03,Shelter 3,140,149,34,106,9,121,144,27,94,23,0.24285714285714285,0.2231404958677686,61
2023-01-04,Shelter 3,101,147,27,74,46,110,140,25,85,30,0.26732673267326734,0.22727272727272727,52
2023-01-05,Shelter 3,127,144,28,99,17,121,150,21,100,29,0.2204724409448819,0.17355371900826447,49
2023-01-06,Shelter 3,124,146,34,90,22,116,143,28,88,27,0.27419354838709675,0.2413793103448276,62
2023-01-07,Shelter 3,133,148,25,108,15,119,146,22,97,27,0.18796992481203006,0.18487394957983194,47
2023-01-08,Shelter 3,120,144,27,93,24,103,145,19,84,42,0.225,0.18446601941747573,46
2023-01-09,Shelter 3,106,144,28,78,38,109,147,18,91,38,0.2641509433962264,0.1651376146788991,46
2023-01-10,Shelter 3,122,145,23,99,23,123,149,20,103,26,0.1885245901639344,0.16260162601626016,43
2023-01-11,Shelter 3,138,148,33,105,10,120,140,19,101,20,0.2391304347826087,0.15833333333333333,52
2023-01-12,Shelter 3,110,142,32,78,32,131,140,18,113,9,0.2909090909090909,0.13740458015267176,50
2023-01-13,Shelter 3,102,140,32,70,38,135,148,17,118,13,0.3137254901960784,0.1259259259259259,49
2023-01-14,Shelter 3,121,145,34,87,24,136,150,25,111,14,0.2809917355371901,0.18382352941176472,59
2023-01-15,Shelter 3,129,142,27,102,13,133,147,15,118,14,0.20930232558139536,0.11278195488721804,42
2023-01-16,Shelter 3,121,140,22,99,19,140,145,18,122,5,0.18181818181818182,0.12857142857142856,40
2023-01-17,Shelter 3,124,140,26,98,16,104,143,21,83,39,0.20967741935483872,0.20192307692307693,47
2023-01-18,Shelter 3,126,140,28,98,14,136,145,24,112,9,0.2222222222222222,0.17647058823529413,52
2023-01-19,Shelter 3,137,142,34,103,5,124,141,17,107,17,0.24817518248175183,0.13709677419354838,51
2023-01-20,Shelter 3,123,142,30,93,19,108,150,18,90,42,0.24390243902439024,0.16666666666666666,48
2023-01-21,Shelter 3,131,149,40,91,18,137,143,21,116,6,0.3053435114503817,0.15328467153284672,61
2023-01-22,Shelter 3,102,149,19,83,47,106,140,20,86,34,0.18627450980392157,0.18867924528301888,39
2023-01-23,Shelter 3,119,142,19,100,23,102,150,25,77,48,0.15966386554621848,0.24509803921568626,44
2023-01-24,Shelter 3,118,145,25,93,27,124,148,18,106,24,0.211864406779661,0.14516129032258066,43
2023-01-25,Shelter 3,116,146,19,97,30,117,149,18,99,32,0.16379310344827586,0.15384615384615385,37
2023-01-26,Shelter 3,124,146,34,90,22,107,142,11,96,35,0.27419354838709675,0.102803738317757,45
2023-01-27,Shelter 3,122,144,29,93,22,138,146,25,113,8,0.23770491803278687,0.18115942028985507,54
2023-01-28,Shelter 3,104,150,43,61,46,110,147,15,95,37,0.41346153846153844,0.13636363636363635,58
2023-01-29,Shelter 3,138,150,30,108,12,104,144,17,87,40,0.21739130434782608,0.16346153846153846,47
2023-01-30,Shelter 3,136,149,37,99,13,129,150,18,111,21,0.27205882352941174,0.13953488372093023,55
2023-01-31,Shelter 3,132,140,25,107,8,110,141,19,91,31,0.1893939393939394,0.17272727272727273,44
2023-02-01,Shelter 3,134,141,29,105,7,116,141,18,98,25,0.21641791044776118,0.15517241379310345,47
2023-02-02,Shelter 3,126,141,37,89,15,122,145,17,105,23,0.29365079365079366,0.13934426229508196,54
2023-02-03,Shelter 3,111,143,26,85,32,108,147,19,89,39,0.23423423423423423,0.17592592592592593,45
2023-02-04,Shelter 3,119,148,27,92,29,126,149,14,112,23,0.226890756302521,0.1111111111111111,41
2023-02-05,Shelter 3,124,148,29,95,24,105,148,14,91,43,0.23387096774193547,0.13333333333333333,43
2023-02-06,Shelter 3,135,143,30,105,8,125,149,20,105,24,0.2222222222222222,0.16,50
2023-02-07,Shelter 3,121,148,33,88,27,109,145,21,88,36,0.2727272727272727,0.1926605504587156,54
2023-02-08,Shelter 3,113,141,26,87,28,111,144,16,95,33,0.23008849557522124,0.14414414414414414,42
2023-02-09,Shelter 3,114,149,33,81,35,133,146,28,105,13,0.2894736842105263,0.21052631578947367,61
2023-02-10,Shelter 3,112,147,27,85,35,134,142,21,113,8,0.24107142857142858,0.15671641791044777,48
2023-02-11,Shelter 3,134,148,32,102,14,134,148,24,110,14,0.23880597014925373,0.1791044776119403,56
2023-02-12,Shelter 3,133,146,24,109,13,113,148,25,88,35,0.18045112781954886,0.22123893805309736,49
2023-02-13,Shelter 3,134,144,42,92,10,101,144,27,74,43,0.31343283582089554,0.26732673267326734,69
2023-02-14,Shelter 3,135,144,21,114,9,103,146,18,85,43,0.15555555555555556,0.17475728155339806,39
2023-02-15,Shelter 3,133,150,28,105,17,103,143,25,78,40,0.21052631578947367,0.24271844660194175,53
2023-02-16,Shelter 3,103,148,31,72,45,100,148,19,81,48,0.30097087378640774,0.19,50
2023-02-17,Shelter 3,103,143,26,77,40,124,144,20,104,20,0.2524271844660194,0.16129032258064516,46
2023-02-18,Shelter 3,139,148,35,104,9,108,140,19,89,32,0.2517985611510791,0.17592592592592593,54
2023-02-19,Shelter 3,103,147,32,71,44,120,149,23,97,29,0.3106796116504854,0.19166666666666668,55
2023-02-20,Shelter 3,123,144,22,101,21,136,140,22,114,4,0.17886178861788618,0.16176470588235295,44
2023-02-21,Shelter 3,107,144,35,72,37,104,141,15,89,37,0.32710280373831774,0.14423076923076922,50
2023-02-22,Shelter 3,127,141,27,100,14,137,145,25,112,8,0.2125984251968504,0.18248175182481752,52
2023-02-23,Shelter 3,107,142,28,79,35,121,144,20,101,23,0.2616822429906542,0.1652892561983471,48
2023-02-24,Shelter 3,121,145,34,87,24,127,149,22,105,22,0.2809917355371901,0.1732283464566929,56
2023-02-25,Shelter 3,130,147,31,99,17,121,140,25,96,19,0.23846153846153847,0.2066115702479339,56
2023-02-26,Shelter 3,107,142,28,79,35,109,145,27,82,36,0.2616822429906542,0.24770642201834864,55
2023-02-27,Shelter 3,117,150,29,88,33,134,142,21,113,8,0.24786324786324787,0.15671641791044777,50
2023-02-28,Shelter 3,126,143,20,106,17,128,150,28,100,22,0.15873015873015872,0.21875,48
2023-03-01,Shelter 3,128,150,26,102,22,117,147,24,93,30,0.203125,0.20512820512820512,50
2023-03-02,Shelter 3,108,142,25,83,34,113,142,22,91,29,0.23148148148148148,0.19469026548672566,47
2023-03-03,Shelter 3,129,141,36,93,12,105,150,18,87,45,0.27906976744186046,0.17142857142857143,54
2023-03-04,Shelter 3,123,140,26,97,17,103,150,24,79,47,0.21138211382113822,0.23300970873786409,50
2023-03-05,Shelter 3,117,146,32,85,29,139,140,24,115,1,0.27350427350427353,0.17266187050359713,56
2023-03-06,Shelter 3,132,141,25,107,9,129,150,18,111,21,0.1893939393939394,0.13953488372093023,43
2023-03-07,Shelter 3,120,150,30,90,30,109,145,21,88,36,0.25,0.1926605504587156,51
2023-03-08,Shelter 3,111,146,37,74,35,132,143,14,118,11,0.3333333333333333,0.10606060606060606,51
2023-03-09,Shelter 3,133,144,26,107,11,102,140,17,85,38,0.19548872180451127,0.16666666666666666,43
2023-03-10,Shelter 3,138,145,34,104,7,102,142,17,85,40,0.2463768115942029,0.16666666666666666,51
2023-03-11,Shelter 3,109,142,29,80,33,109,142,23,86,33,0.26605504587155965,0.21100917431192662,52
2023-03-12,Shelter 3,140,140,35,105,0,128,146,22,106,18,0.25,0.171875,57
2023-03-13,Shelter 3,111,142,34,77,31,104,148,24,80,44,0.3063063063063063,0.23076923076923078,58
2023-03-14,Shelter 3,128,147,28,100,19,108,150,18,90,42,0.21875,0.16666666666666666,46
2023-03-15,Shelter 3,110,147,29,81,37,114,141,19,95,27,0.2636363636363636,0.16666666666666666,48
2023-03-16,Shelter 3,100,149,30,70,49,137,142,16,121,5,0.3,0.11678832116788321,46
2023-03-17,Shelter 3,110,150,34,76,40,104,143,23,81,39,0.3090909090909091,0.22115384615384615,57
2023-03-18,Shelter 3,125,150,32,93,25,100,150,13,87,50,0.256,0.13,45
2023-03-19,Shelter 3,123,144,33,90,21,140,142,23,117,2,0.2682926829268293,0.16428571428571428,56
2023-03-20,Shelter 3,117,142,26,91,25,120,140,15,105,20,0.2222222222222222,0.125,41
2023-03-21,Shelter 3,124,144,30,94,20,112,140,21,91,28,0.24193548387096775,0.1875,51
2023-03-22,Shelter 3,115,148,29,86,33,122,140,28,94,18,0.25217391304347825,0.22950819672131148,57
2023-03-23,Shelter 3,100,145,35,65,45,109,142,22,87,33,0.35,0.2018348623853211,57
2023-03-24,Shelter 3,137,144,28,109,7,109,141,32,77,32,0.20437956204379562,0.29357798165137616,60
2023-03-25,Shelter 3,140,145,32,108,5,122,140,17,105,18,0.22857142857142856,0.13934426229508196,49
2023-03-26,Shelter 3,115,149,26,89,34,108,149,18,90,41,0.22608695652173913,0.16666666666666666,44
2023-03-27,Shelter 3,100,146,24,76,46,116,144,19,97,28,0.24,0.16379310344827586,43
2023-03-28,Shelter 3,138,144,27,111,6,134,146,19,115,12,0.1956521739130435,0.1417910447761194,46
2023-03-29,Shelter 3,106,150,20,86,44,102,144,21,81,42,0.18867924528301888,0.20588235294117646,41
2023-03-30,Shelter 3,114,142,27,87,28,101,143,14,87,42,0.23684210526315788,0.13861386138613863,41
2023-03-31,Shelter 3,122,148,31,91,26,128,150,23,105,22,0.2540983606557377,0.1796875,54
2023-04-01,Shelter 3,127,147,39,88,20,123,144,19,104,21,0.30708661417322836,0.15447154471544716,58
2023-04-02,Shelter 3,116,141,37,79,25,113,149,20,93,36,0.31896551724137934,0.17699115044247787,57
2023-04-03,Shelter 3,129,149,34,95,20,120,146,15,105,26,0.26356589147286824,0.125,49
2023-04-04,Shelter 3,122,144,28,94,22,127,142,15,112,15,0.22950819672131148,0.11811023622047244,43
2023-04-05,Shelter 3,138,144,33,105,6,139,141,30,109,2,0.2391304347826087,0.2158273381294964,63
2023-04-06,Shelter 3,130,143,25,105,13,129,149,21,108,20,0.19230769230769232,0.16279069767441862,46
2023-04-07,Shelter 3,123,150,24,99,27,134,149,25,109,15,0.1951219512195122,0.1865671641791045,49
2023-04-08,Shelter 3,118,142,28,90,24,124,150,24,100,26,0.23728813559322035,0.1935483870967742,52
2023-04-09,Shelter 3,110,146,28,82,36,137,142,16,121,5,0.2545454545454545,0.11678832116788321,44
2023-04-10,Shelter 3,132,142,31,101,10,115,140,31,84,25,0.23484848484848486,0.26956521739130435,62
2023-04-11,Shelter 3,109,141,37,72,32,117,146,17,100,29,0.3394495412844037,0.1452991452991453,54
2023-04-12,Shelter 3,125,147,28,97,22,100,143,26,74,43,0.224,0.26,54
2023-04-13,Shelter 3,121,150,27,94,29,135,149,25,110,14,0.2231404958677686,0.18518518518518517,52
2023-04-14,Shelter 3,133,140,25,108,7,135,150,16,119,15,0.18796992481203006,0.11851851851851852,41
2023-04-15,Shelter 3,130,141,25,105,11,120,141,19,101,21,0.19230769230769232,0.15833333333333333,44
2023-04-16,Shelter 3,120,150,26,94,30,131,146,26,105,15,0.21666666666666667,0.1984732824427481,52
2023-04-17,Shelter 3,118,144,29,89,26,139,144,22,117,5,0.2457627118644068,0.15827338129496402,51
2023-04-18,Shelter 3,118,150,25,93,32,139,147,21,118,8,0.211864406779661,0.1510791366906475,46
2023-04-19,Shelter 3,123,148,27,96,25,137,149,15,122,12,0.21951219512195122,0.10948905109489052,42
2023-04-20,Shelter 3,100,149,24,76,49,127,143,15,112,16,0.24,0.11811023622047244,39
2023-04-21,Shelter 3,135,149,34,101,14,135,143,24,111,8,0.2518518518518518,0.17777777777777778,58
2023-04-22,Shelter 3,127,145,31,96,18,102,147,23,79,45,0.2440944881889764,0.22549019607843138,54
2023-04-23,Shelter 3,106,149,24,82,43,137,142,21,116,5,0.22641509433962265,0.15328467153284672,45
2023-04-24,Shelter 3,135,147,29,106,12,100,142,23,77,42,0.21481481481481482,0.23,52
2023-04-25,Shelter 3,118,150,23,95,32,114,149,11,103,35,0.19491525423728814,0.09649122807017543,34
2023-04-26,Shelter 3,116,146,25,91,30,100,144,15,85,44,0.21551724137931033,0.15,40
2023-04-27,Shelter 3,119,146,37,82,27,109,142,25,84,33,0.31092436974789917,0.22935779816513763,62
2023-04-28,Shelter 3,133,148,34,99,15,107,142,16,91,35,0.2556390977443609,0.14953271028037382,50
2023-04-29,Shelter 3,137,145,27,110,8,112,150,15,97,38,0.19708029197080293,0.13392857142857142,42
2023-04-30,Shelter 3,121,147,24,97,26,139,147,19,120,8,0.19834710743801653,0.1366906474820144,43
2023-05-01,Shelter 3,134,144,26,108,10,117,144,21,96,27,0.19402985074626866,0.1794871794871795,47
2023-05-02,Shelter 3,110,140,39,71,30,121,144,21,100,23,0.35454545454545455,0.17355371900826447,60
2023-05-03,Shelter 3,140,144,40,100,4,111,142,18,93,31,0.2857142857142857,0.16216216216216217,58
2023-05-04,Shelter 3,100,148,29,71,48,112,144,18,94,32,0.29,0.16071428571428573,47
2023-05-05,Shelter 3,126,145,27,99,19,120,144,20,100,24,0.21428571428571427,0.16666666666666666,47
2023-05-06,Shelter 3,113,148,26,87,35,102,142,25,77,40,0.23008849557522124,0.24509803921568626,51
2023-05-07,Shelter 3,140,140,26,114,0,110,149,20,90,39,0.18571428571428572,0.18181818181818182,46
2023-05-08,Shelter 3,117,148,22,95,31,122,141,19,103,19,0.18803418803418803,0.1557377049180328,41
2023-05-09,Shelter 3,105,140,30,75,35,131,149,25,106,18,0.2857142857142857,0.19083969465648856,55
2023-05-10,Shelter 3,126,146,26,100,20,128,143,14,114,15,0.20634920634920634,0.109375,40
2023-05-11,Shelter 3,101,150,28,73,49,125,146,20,105,21,0.27722772277227725,0.16,48
2023-05-12,Shelter 3,105,141,21,84,36,119,148,18,101,29,0.2,0.15126050420168066,39
2023-05-13,Shelter 3,138,144,29,109,6,131,142,22,109,11,0.21014492753623187,0.16793893129770993,51
2023-05-14,Shelter 3,122,149,39,83,27,114,143,22,92,29,0.319672131147541,0.19298245614035087,61
2023-05-15,Shelter 3,116,146,25,91,30,132,142,16,116,10,0.21551724137931033,0.12121212121212122,41
2023-05-16,Shelter 3,134,148,38,96,14,136,143,35,101,7,0.2835820895522388,0.25735294117647056,73
2023-05-17,Shelter 3,104,146,29,75,42,111,147,15,96,36,0.27884615384615385,0.13513513513513514,44
2023-05-18,Shelter 3,131,146,31,100,15,104,146,19,85,42,0.2366412213740458,0.18269230769230768,50
2023-05-19,Shelter 3,102,143,37,65,41,102,150,11,91,48,0.3627450980392157,0.10784313725490197,48
2023-05-20,Shelter 3,139,144,34,105,5,132,150,21,111,18,0.2446043165467626,0.1590909090909091,55
2023-05-21,Shelter 3,126,147,32,94,21,113,144,23,90,31,0.25396825396825395,0.20353982300884957,55
2023-05-22,Shelter 3,102,141,26,76,39,123,147,22,101,24,0.2549019607843137,0.17886178861788618,48
2023-05-23,Shelter 3,114,147,33,81,33,135,146,21,114,11,0.2894736842105263,0.15555555555555556,54
2023-05-24,Shelter 3,130,148,37,93,18,126,145,13,113,19,0.2846153846153846,0.10317460317460317,50
2023-05-25,Shelter 3,140,142,31,109,2,105,142,14,91,37,0.22142857142857142,0.13333333333333333,45
2023-05-26,Shelter 3,111,140,23,88,29,115,148,23,92,33,0.2072072072072072,0.2,46
2023-05-27,Shelter 3,119,145,21,98,26,130,145,26,104,15,0.17647058823529413,0.2,47
2023-05-28,Shelter 3,111,142,31,80,31,124,143,22,102,19,0.27927927927927926,0.1774193548387097,53
2023-05-29,Shelter 3,134,144,36,98,10,124,150,17,107,26,0.26865671641791045,0.13709677419354838,53
2023-05-30,Shelter 3,114,148,25,89,34,112,144,19,93,32,0.21929824561403508,0.16964285714285715,44
2023-05-31,Shelter 3,124,140,26,98,16,102,147,16,86,45,0.20967741935483872,0.1568627450980392,42
2023-06-01,Shelter 3,106,147,32,74,41,116,140,28,88,24,0.3018867924528302,0.2413793103448276,60
2023-06-02,Shelter 3,134,150,26,108,16,128,143,18,110,15,0.19402985074626866,0.140625,44
2023-06-03,Shelter 3,104,150,32,72,46,111,142,17,94,31,0.3076923076923077,0.15315315315315314,49
2023-06-04,Shelter 3,122,150,31,91,28,122,143,27,95,21,0.2540983606557377,0.22131147540983606,58
2023-06-05,Shelter 3,115,144,30,85,29,123,149,15,108,26,0.2608695652173913,0.12195121951219512,45
2023-06-06,Shelter 3,132,143,32,100,11,126,147,17,109,21,0.24242424242424243,0.1349206349206349,49
2023-06-07,Shelter 3,100,150,42,58,50,119,144,26,93,25,0.42,0.2184873949579832,68
2023-06-08,Shelter 3,123,149,26,97,26,131,146,14,117,15,0.21138211382113822,0.10687022900763359,40
2023-06-09,Shelter 3,140,142,32,108,2,125,144,30,95,19,0.22857142857142856,0.24,62
2023-06-10,Shelter 3,133,148,29,104,15,110,146,14,96,36,0.21804511278195488,0.12727272727272726,43
2023-06-11,Shelter 3,139,148,28,111,9,105,143,19,86,38,0.2014388489208633,0.18095238095238095,47
2023-06-12,Shelter 3,125,146,31,94,21,127,142,22,105,15,0.248,0.1732283464566929,53
2023-06-13,Shelter 3,122,143,22,100,21,120,147,30,90,27,0.18032786885245902,0.25,52
2023-06-14,Shelter 3,133,145,26,107,12,135,146,26,109,11,0.19548872180451127,0.1925925925925926,52
2023-06-15,Shelter 3,126,145,37,89,19,134,148,20,114,14,0.29365079365079366,0.14925373134328357,57
2023-06-16,Shelter 3,127,144,23,104,17,110,141,23,87,31,0.18110236220472442,0.20909090909090908,46
2023-06-17,Shelter 3,112,147,26,86,35,113,145,28,85,32,0.23214285714285715,0.24778761061946902,54
2023-06-18,Shelter 3,132,145,28,104,13,132,140,18,114,8,0.21212121212121213,0.13636363636363635,46
2023-06-19,Shelter 3,120,143,38,82,23,128,142,17,111,14,0.31666666666666665,0.1328125,55
2023-06-20,Shelter 3,124,140,30,94,16,106,144,27,79,38,0.24193548387096775,0.25471698113207547,57
2023-06-21,Shelter 3,109,147,35,74,38,131,150,20,111,19,0.3211009174311927,0.15267175572519084,55
2023-06-22,Shelter 3,115,143,37,78,28,115,147,19,96,32,0.3217391304347826,0.16521739130434782,56
2023-06-23,Shelter 3,102,146,23,79,44,121,147,19,102,26,0.22549019607843138,0.15702479338842976,42
2023-06-24,Shelter 3,130,146,27,103,16,115,148,13,102,33,0.2076923076923077,0.11304347826086956,40
2023-06-25,Shelter 3,132,142,34,98,10,137,148,16,121,11,0.25757575757575757,0.11678832116788321,50
2023-06-26,Shelter 3,113,143,27,86,30,109,144,21,88,35,0.23893805309734514,0.1926605504587156,48
2023-06-27,Shelter 3,125,145,22,103,20,135,141,21,114,6,0.176,0.15555555555555556,43
2023-06-28,Shelter 3,130,141,26,104,11,126,142,18,108,16,0.2,0.14285714285714285,44
2023-06-29,Shelter 3,109,142,40,69,33,119,150,20,99,31,0.3669724770642202,0.16806722689075632,60
2023-06-30,Shelter 3,104,146,27,77,42,111,145,19,92,34,0.25961538461538464,0.17117117117117117,46
2023-07-01,Shelter 3,122,142,29,93,20,106,142,21,85,36,0.23770491803278687,0.19811320754716982,50
2023-07-02,Shelter 3,121,148,27,94,27,111,142,23,88,31,0.2231404958677686,0.2072072072072072,50
2023-07-03,Shelter 3,130,148,23,107,18,111,145,15,96,34,0.17692307692307693,0.13513513513513514,38
2023-07-04,Shelter 3,140,140,28,112,0,138,146,21,117,8,0.2,0.15217391304347827,49
2023-07-05,Shelter 3,138,144,26,112,6,118,148,22,96,30,0.18840579710144928,0.1864406779661017,48
2023-07-06,Shelter 3,108,147,35,73,39,104,142,18,86,38,0.32407407407407407,0.17307692307692307,53
2023-07-07,Shelter 3,134,145,35,99,11,140,142,17,123,2,0.26119402985074625,0.12142857142857143,52
2023-07-08,Shelter 3,113,146,32,81,33,132,141,24,108,9,0.2831858407079646,0.18181818181818182,56
2023-07-09,Shelter 3,119,145,31,88,26,132,142,21,111,10,0.2605042016806723,0.1590909090909091,52
2023-07-10,Shelter 3,114,146,22,92,32,103,144,22,81,41,0.19298245614035087,0.21359223300970873,44
2023-07-11,Shelter 3,133,144,25,108,11,129,150,20,109,21,0.18796992481203006,0.15503875968992248,45
2023-07-12,Shelter 3,122,148,36,86,26,121,143,19,102,22,0.29508196721311475,0.15702479338842976,55
2023-07-13,Shelter 3,139,145,27,112,6,129,150,20,109,21,0.19424460431654678,0.15503875968992248,47
2023-07-14,Shelter 3,134,141,32,102,7,117,145,19,98,28,0.23880597014925373,0.1623931623931624,51
2023-07-15,Shelter 3,126,143,28,98,17,112,141,22,90,29,0.2222222222222222,0.19642857142857142,50
2023-07-16,Shelter 3,122,144,31,91,22,117,144,22,95,27,0.2540983606557377,0.18803418803418803,53
2023-07-17,Shelter 3,114,145,42,72,31,116,147,27,89,31,0.3684210526315789,0.23275862068965517,69
2023-07-18,Shelter 3,101,140,39,62,39,134,143,18,116,9,0.38613861386138615,0.13432835820895522,57
2023-07-19,Shelter 3,133,142,34,99,9,104,148,23,81,44,0.2556390977443609,0.22115384615384615,57
2023-07-20,Shelter 3,137,143,28,109,6,111,148,14,97,37,0.20437956204379562,0.12612612612612611,42
2023-07-21,Shelter 3,140,147,32,108,7,100,141,21,79,41,0.22857142857142856,0.21,53
2023-07-22,Shelter 3,131,142,30,101,11,119,143,24,95,24,0.22900763358778625,0.20168067226890757,54
2023-07-23,Shelter 3,118,147,26,92,29,100,142,23,77,42,0.22033898305084745,0.23,49
2023-07-24,Shelter 3,113,142,34,79,29,114,143,21,93,29,0.3008849557522124,0.18421052631578946,55
2023-07-25,Shelter 3,129,143,37,92,14,107,150,27,80,43,0.2868217054263566,0.2523364485981308,64
2023-07-26,Shelter 3,101,149,28,73,48,126,144,21,105,18,0.27722772277227725,0.16666666666666666,49
2023-07-27,Shelter 3,131,147,32,99,16,129,145,21,108,16,0.24427480916030533,0.16279069767441862,53
2023-07-28,Shelter 3,119,142,30,89,23,117,150,20,97,33,0.25210084033613445,0.17094017094017094,50
2023-07-29,Shelter 3,127,145,19,108,18,101,148,13,88,47,0.14960629921259844,0.12871287128712872,32
2023-07-30,Shelter 3,112,147,25,87,35,101,144,26,75,43,0.22321428571428573,0.25742574257425743,51
2023-07-31,Shelter 3,101,144,26,75,43,107,150,22,85,43,0.25742574257425743,0.205607476635514,48
2023-08-01,Shelter 3,134,144,35,99,10,113,145,30,83,32,0.26119402985074625,0.26548672566371684,65
2023-08-02,Shelter 3,130,141,28,102,11,132,142,22,110,10,0.2153846153846154,0.16666666666666666,50
2023-08-03,Shelter 3,111,145,29,82,34,113,150,18,95,37,0.26126126126126126,0.1592920353982301,47
2023-08-04,Shelter 3,132,147,42,90,15,117,144,20,97,27,0.3181818181818182,0.17094017094017094,62
2023-08-05,Shelter 3,124,145,30,94,21,116,149,11,105,33,0.24193548387096775,0.09482758620689655,41
2023-08-06,Shelter 3,115,145,31,84,30,112,145,16,96,33,0.26956521739130435,0.14285714285714285,47
2023-08-07,Shelter 3,131,144,35,96,13,106,143,16,90,37,0.26717557251908397,0.1509433962264151,51
2023-08-08,Shelter 3,111,150,23,88,39,113,144,28,85,31,0.2072072072072072,0.24778761061946902,51
2023-08-09,Shelter 3,140,140,36,104,0,138,144,24,114,6,0.2571428571428571,0.17391304347826086,60
2023-08-10,Shelter 3,135,148,37,98,13,132,149,17,115,17,0.2740740740740741,0.12878787878787878,54
2023-08-11,Shelter 3,127,141,31,96,14,132,146,8,124,14,0.2440944881889764,0.06060606060606061,39
2023-08-12,Shelter 3,131,141,34,97,10,111,147,20,91,36,0.2595419847328244,0.18018018018018017,54
2023-08-13,Shelter 3,108,149,38,70,41,114,150,20,94,36,0.35185185185185186,0.17543859649122806,58
2023-08-14,Shelter 3,107,146,28,79,39,101,144,15,86,43,0.2616822429906542,0.1485148514851485,43
2023-08-15,Shelter 3,139,142,31,108,3,131,149,24,107,18,0.22302158273381295,0.183206106870229,55
2023-08-16,Shelter 3,129,147,29,100,18,134,148,16,118,14,0.2248062015503876,0.11940298507462686,45
2023-08-17,Shelter 3,131,148,24,107,17,109,144,18,91,35,0.183206106870229,0.1651376146788991,42
2023-08-18,Shelter 3,116,140,35,81,24,106,145,17,89,39,0.3017241379310345,0.16037735849056603,52
2023-08-19,Shelter 3,123,146,43,80,23,106,150,25,81,44,0.34959349593495936,0.2358490566037736,68
2023-08-20,Shelter 3,100,144,33,67,44,117,145,26,91,28,0.33,0.2222222222222222,59
2023-08-21,Shelter 3,114,145,24,90,31,132,146,17,115,14,0.21052631578947367,0.12878787878787878,41
2023-08-22,Shelter 3,132,142,27,105,10,112,150,16,96,38,0.20454545454545456,0.14285714285714285,43
2023-08-23,Shelter 3,132,144,35,97,12,132,141,13,119,9,0.26515151515151514,0.09848484848484848,48
2023-08-24,Shelter 3,111,150,32,79,39,112,146,19,93,34,0.2882882882882883,0.16964285714285715,51
2023-08-25,Shelter 3,106,144,32,74,38,102,145,25,77,43,0.3018867924528302,0.24509803921568626,57
2023-08-26,Shelter 3,135,141,23,112,6,121,150,19,102,29,0.17037037037037037,0.15702479338842976,42
2023-08-27,Shelter 3,134,141,35,99,7,137,140,19,118,3,0.26119402985074625,0.1386861313868613,54
2023-08-28,Shelter 3,111,145,36,75,34,103,148,27,76,45,0.32432432432432434,0.2621359223300971,63
2023-08-29,Shelter 3,107,140,30,77,33,134,150,25,109,16,0.2803738317757009,0.1865671641791045,55
2023-08-30,Shelter 3,139,144,30,109,5,136,149,20,116,13,0.2158273381294964,0.14705882352941177,50
2023-08-31,Shelter 3,138,142,21,117,4,112,144,25,87,32,0.15217391304347827,0.22321428571428573,46
2023-09-01,Shelter 3,124,140,47,77,16,128,144,16,112,16,0.3790322580645161,0.125,63
2023-09-02,Shelter 3,101,144,32,69,43,130,143,20,110,13,0.31683168316831684,0.15384615384615385,52
2023-09-03,Shelter 3,120,148,27,93,28,124,148,23,101,24,0.225,0.18548387096774194,50
2023-09-04,Shelter 3,103,140,35,68,37,103,144,19,84,41,0.33980582524271846,0.18446601941747573,54
2023-09-05,Shelter 3,140,149,29,111,9,112,144,20,92,32,0.20714285714285716,0.17857142857142858,49
2023-09-06,Shelter 3,112,149,30,82,37,127,140,20,107,13,0.26785714285714285,0.15748031496062992,50
2023-09-07,Shelter 3,103,149,30,73,46,119,143,34,85,24,0.2912621359223301,0.2857142857142857,64
2023-09-08,Shelter 3,110,141,27,83,31,140,143,18,122,3,0.24545454545454545,0.12857142857142856,45
2023-09-09,Shelter 3,108,144,37,71,36,109,141,10,99,32,0.3425925925925926,0.09174311926605505,47
2023-09-10,Shelter 3,118,141,18,100,23,108,144,16,92,36,0.15254237288135594,0.14814814814814814,34
2023-09-11,Shelter 3,110,146,38,72,36,131,148,25,106,17,0.34545454545454546,0.19083969465648856,63
2023-09-12,Shelter 3,108,144,34,74,36,114,142,21,93,28,0.3148148148148148,0.18421052631578946,55
2023-09-13,Shelter 3,126,143,24,102,17,137,143,20,117,6,0.19047619047619047,0.145985401459854,44
2023-09-14,Shelter 3,140,140,24,116,0,109,141,15,94,32,0.17142857142857143,0.13761467889908258,39
2023-09-15,Shelter 3,131,145,30,101,14,116,143,23,93,27,0.22900763358778625,0.19827586206896552,53
2023-09-16,Shelter 3,114,144,33,81,30,117,143,12,105,26,0.2894736842105263,0.10256410256410256,45
2023-09-17,Shelter 3,110,141,25,85,31,134,148,25,109,14,0.22727272727272727,0.1865671641791045,50
2023-09-18,Shelter 3,128,141,38,90,13,132,142,21,111,10,0.296875,0.1590909090909091,59
2023-09-19,Shelter 3,110,144,24,86,34,120,146,24,96,26,0.21818181818181817,0.2,48
2023-09-20,Shelter 3,124,148,32,92,24,126,146,18,108,20,0.25806451612903225,0.14285714285714285,50
2023-09-21,Shelter 3,100,145,25,75,45,114,140,13,101,26,0.25,0.11403508771929824,38
2023-09-22,Shelter 3,138,142,26,112,4,139,145,12,127,6,0.18840579710144928,0.08633093525179857,38
2023-09-23,Shelter 3,105,150,33,72,45,120,145,15,105,25,0.3142857142857143,0.125,48
2023-09-24,Shelter 3,112,143,26,86,31,123,146,18,105,23,0.23214285714285715,0.14634146341463414,44
2023-09-25,Shelter 3,118,148,39,79,30,105,150,25,80,45,0.3305084745762712,0.23809523809523808,64
2023-09-26,Shelter 3,105,144,33,72,39,120,145,20,100,25,0.3142857142857143,0.16666666666666666,53
2023-09-27,Shelter 3,128,140,30,98,12,122,150,36,86,28,0.234375,0.29508196721311475,66
2023-09-28,Shelter 3,137,142,24,113,5,124,140,16,108,16,0.17518248175182483,0.12903225806451613,40
2023-09-29,Shelter 3,128,148,32,96,20,133,145,24,109,12,0.25,0.18045112781954886,56
2023-09-30,Shelter 3,114,141,20,94,27,102,147,20,82,45,0.17543859649122806,0.19607843137254902,40
2023-10-01,Shelter 3,109,141,29,80,32,124,140,21,103,16,0.26605504587155965,0.1693548387096774,50
2023-10-02,Shelter 3,108,147,37,71,39,115,142,19,96,27,0.3425925925925926,0.16521739130434782,56
2023-10-03,Shelter 3,115,143,32,83,28,139,144,21,118,5,0.2782608695652174,0.1510791366906475,53
2023-10-04,Shelter 3,132,140,26,106,8,125,150,23,102,25,0.19696969696969696,0.184,49
2023-10-05,Shelter 3,125,144,37,88,19,137,144,20,117,7,0.296,0.145985401459854,57
2023-10-06,Shelter 3,118,144,34,84,26,134,146,26,108,12,0.288135593220339,0.19402985074626866,60
2023-10-07,Shelter 3,137,141,27,110,4,124,148,23,101,24,0.19708029197080293,0.18548387096774194,50
2023-10-08,Shelter 3,137,149,34,103,12,137,147,22,115,10,0.24817518248175183,0.16058394160583941,56
2023-10-09,Shelter 3,122,146,35,87,24,124,142,19,105,18,0.28688524590163933,0.1532258064516129,54
2023-10-10,Shelter 3,104,143,30,74,39,134,146,17,117,12,0.28846153846153844,0.12686567164179105,47
2023-10-11,Shelter 3,121,149,29,92,28,123,147,15,108,24,0.2396694214876033,0.12195121951219512,44
2023-10-12,Shelter 3,132,146,29,103,14,105,147,17,88,42,0.2196969696969697,0.1619047619047619,46
2023-10-13,Shelter 3,102,150,35,67,48,131,145,18,113,14,0.3431372549019608,0.13740458015267176,53
2023-10-14,Shelter 3,103,147,22,81,44,135,145,18,117,10,0.21359223300970873,0.13333333333333333,40
2023-10-15,Shelter 3,130,140,30,100,10,107,148,24,83,41,0.23076923076923078,0.22429906542056074,54
2023-10-16,Shelter 3,136,142,31,105,6,124,140,25,99,16,0.22794117647058823,0.20161290322580644,56
2023-10-17,Shelter 3,126,142,29,97,16,112,145,21,91,33,0.23015873015873015,0.1875,50
2023-10-18,Shelter 3,116,141,28,88,25,100,142,23,77,42,0.2413793103448276,0.23,51
2023-10-19,Shelter 3,129,147,32,97,18,125,141,23,102,16,0.24806201550387597,0.184,55
2023-10-20,Shelter 3,119,146,33,86,27,111,148,16,95,37,0.2773109243697479,0.14414414414414414,49
2023-10-21,Shelter 3,126,147,39,87,21,100,141,21,79,41,0.30952380952380953,0.21,60
2023-10-22,Shelter 3,110,145,39,71,35,102,140,20,82,38,0.35454545454545455,0.19607843137254902,59
2023-10-23,Shelter 3,102,142,24,78,40,124,150,19,105,26,0.23529411764705882,0.1532258064516129,43
2023-10-24,Shelter 3,137,146,27,110,9,102,142,21,81,40,0.19708029197080293,0.20588235294117646,48
2023-10-25,Shelter 3,128,149,30,98,21,135,145,12,123,10,0.234375,0.08888888888888889,42
2023-10-26,Shelter 3,100,143,29,71,43,105,146,21,84,41,0.29,0.2,50
2023-10-27,Shelter 3,129,141,27,102,12,111,147,21,90,36,0.20930232558139536,0.1891891891891892,48
2023-10-28,Shelter 3,115,143,29,86,28,118,147,16,102,29,0.25217391304347825,0.13559322033898305,45
2023-10-29,Shelter 3,129,146,28,101,17,114,147,18,96,33,0.21705426356589147,0.15789473684210525,46
2023-10-30,Shelter 3,109,140,40,69,31,117,150,16,101,33,0.3669724770642202,0.13675213675213677,56
2023-10-31,Shelter 3,127,148,30,97,21,140,149,18,122,9,0.23622047244094488,0.12857142857142856,48
2023-11-01,Shelter 3,131,143,29,102,12,109,143,21,88,34,0.22137404580152673,0.1926605504587156,50
2023-11-02,Shelter 3,140,146,29,111,6,130,141,31,99,11,0.20714285714285716,0.23846153846153847,60
2023-11-03,Shelter 3,102,144,24,78,42,114,148,35,79,34,0.23529411764705882,0.30701754385964913,59
2023-11-04,Shelter 3,110,145,28,82,35,133,145,29,104,12,0.2545454545454545,0.21804511278195488,57
2023-11-05,Shelter 3,124,140,30,94,16,101,141,20,81,40,0.24193548387096775,0.19801980198019803,50
2023-11-06,Shelter 3,117,148,36,81,31,137,148,22,115,11,0.3076923076923077,0.16058394160583941,58
2023-11-07,Shelter 3,127,142,31,96,15,137,149,25,112,12,0.2440944881889764,0.18248175182481752,56
2023-11-08,Shelter 3,100,143,34,66,43,114,144,16,98,30,0.34,0.14035087719298245,50
2023-11-09,Shelter 3,125,145,30,95,20,103,149,18,85,46,0.24,0.17475728155339806,48
2023-11-10,Shelter 3,137,149,30,107,12,105,150,20,85,45,0.21897810218978103,0.19047619047619047,50
2023-11-11,Shelter 3,107,150,27,80,43,118,142,19,99,24,0.2523364485981308,0.16101694915254236,46
2023-11-12,Shelter 3,120,148,31,89,28,132,140,19,113,8,0.25833333333333336,0.14393939393939395,50
2023-11-13,Shelter 3,129,147,28,101,18,104,146,18,86,42,0.21705426356589147,0.17307692307692307,46
2023-11-14,Shelter 3,129,147,26,103,18,108,146,20,88,38,0.20155038759689922,0.18518518518518517,46
2023-11-15,Shelter 3,130,148,41,89,18,139,150,20,119,11,0.3153846153846154,0.14388489208633093,61
2023-11-16,Shelter 3,126,142,37,89,16,129,140,19,110,11,0.29365079365079366,0.14728682170542637,56
2023-11-17,Shelter 3,100,149,31,69,49,118,149,17,101,31,0.31,0.1440677966101695,48
2023-11-18,Shelter 3,134,140,39,95,6,110,142,18,92,32,0.291044776119403,0.16363636363636364,57
2023-11-19,Shelter 3,140,140,28,112,0,114,141,18,96,27,0.2,0.15789473684210525,46
2023-11-20,Shelter 3,136,150,33,103,14,100,149,25,75,49,0.2426470588235294,0.25,58
2023-11-21,Shelter 3,107,143,38,69,36,122,143,26,96,21,0.35514018691588783,0.21311475409836064,64
2023-11-22,Shelter 3,112,142,33,79,30,135,145,19,116,10,0.29464285714285715,0.14074074074074075,52
2023-11-23,Shelter 3,138,146,28,110,8,140,144,24,116,4,0.2028985507246377,0.17142857142857143,52
2023-11-24,Shelter 3,138,147,25,113,9,134,145,20,114,11,0.18115942028985507,0.14925373134328357,45
2023-11-25,Shelter 3,108,141,37,71,33,131,140,21,110,9,0.3425925925925926,0.16030534351145037,58
2023-11-26,Shelter 3,122,148,44,78,26,136,146,19,117,10,0.36065573770491804,0.13970588235294118,63
2023-11-27,Shelter 3,101,146,40,61,45,109,146,30,79,37,0.39603960396039606,0.27522935779816515,70
2023-11-28,Shelter 3,116,145,31,85,29,139,145,19,120,6,0.2672413793103448,0.1366906474820144,50
2023-11-29,Shelter 3,120,150,27,93,30,123,144,17,106,21,0.225,0.13821138211382114,44
2023-11-30,Shelter 3,132,145,41,91,13,114,143,30,84,29,0.3106060606060606,0.2631578947368421,71
2023-12-01,Shelter 3,111,144,33,78,33,133,141,19,114,8,0.2972972972972973,0.14285714285714285,52
2023-12-02,Shelter 3,129,146,21,108,17,139,143,20,119,4,0.16279069767441862,0.14388489208633093,41
2023-12-03,Shelter 3,128,143,36,92,15,123,142,20,103,19,0.28125,0.16260162601626016,56
2023-12-04,Shelter 3,106,147,42,64,41,139,146,22,117,7,0.39622641509433965,0.15827338129496402,64
2023-12-05,Shelter 3,107,144,20,87,37,114,141,14,100,27,0.18691588785046728,0.12280701754385964,34
2023-12-06,Shelter 3,121,147,29,92,26,106,144,13,93,38,0.2396694214876033,0.12264150943396226,42
2023-12-07,Shelter 3,120,140,36,84,20,140,145,16,124,5,0.3,0.11428571428571428,52
2023-12-08,Shelter 3,139,150,34,105,11,118,145,22,96,27,0.2446043165467626,0.1864406779661017,56
2023-12-09,Shelter 3,115,144,22,93,29,100,149,18,82,49,0.19130434782608696,0.18,40
2023-12-10,Shelter 3,124,146,28,96,22,112,144,19,93,32,0.22580645161290322,0.16964285714285715,47
2023-12-11,Shelter 3,118,148,27,91,30,126,146,21,105,20,0.2288135593220339,0.16666666666666666,48
2023-12-12,Shelter 3,131,143,26,105,12,100,149,19,81,49,0.1984732824427481,0.19,45
2023-12-13,Shelter 3,115,141,28,87,26,119,150,21,98,31,0.24347826086956523,0.17647058823529413,49
2023-12-14,Shelter 3,140,150,36,104,10,111,146,20,91,35,0.2571428571428571,0.18018018018018017,56
2023-12-15,Shelter 3,118,145,22,96,27,117,143,19,98,26,0.1864406779661017,0.1623931623931624,41
2023-12-16,Shelter 3,121,150,18,103,29,108,144,26,82,36,0.1487603305785124,0.24074074074074073,44
2023-12-17,Shelter 3,114,150,29,85,36,133,147,17,116,14,0.2543859649122807,0.12781954887218044,46
2023-12-18,Shelter 3,138,146,32,106,8,136,148,24,112,12,0.2318840579710145,0.17647058823529413,56
2023-12-19,Shelter 3,136,148,35,101,12,131,148,19,112,17,0.25735294117647056,0.1450381679389313,54
2023-12-20,Shelter 3,113,148,36,77,35,127,150,20,107,23,0.3185840707964602,0.15748031496062992,56
2023-12-21,Shelter 3,125,149,36,89,24,136,140,27,109,4,0.288,0.19852941176470587,63
2023-12-22,Shelter 3,128,143,22,106,15,132,140,12,120,8,0.171875,0.09090909090909091,34
2023-12-23,Shelter 3,110,148,24,86,38,128,147,16,112,19,0.21818181818181817,0.125,40
2023-12-24,Shelter 3,112,146,36,76,34,105,147,18,87,42,0.32142857142857145,0.17142857142857143,54
2023-12-25,Shelter 3,102,144,28,74,42,107,148,10,97,41,0.27450980392156865,0.09345794392523364,38
2023-12-26,Shelter 3,131,147,28,103,16,137,145,19,118,8,0.21374045801526717,0.1386861313868613,47
2023-12-27,Shelter 3,133,141,28,105,8,121,146,12,109,25,0.21052631578947367,0.09917355371900827,40
2023-12-28,Shelter 3,131,150,30,101,19,133,142,15,118,9,0.22900763358778625,0.11278195488721804,45
2023-12-29,Shelter 3,134,144,36,98,10,130,142,20,110,12,0.26865671641791045,0.15384615384615385,56
2023-12-30,Shelter 3,119,144,35,84,25,134,150,15,119,16,0.29411764705882354,0.11194029850746269,50
2023-12-31,Shelter 3,107,141,31,76,34,111,147,20,91,36,0.2897196261682243,0.18018018018018017,51
